13.8702
26.413
26.1981
25.7406
25.383
24.8088
23.9117
22.2688
21.0695
19.7078
18.8432
18.043
17.039
16.3513
15.9654
15.5144
15.014
14.2248
12.738
11.85
11.2073
9.73619
9.06276
8.40213
7.30011
6.62938
5.77529
5.14487
4.70209
4.04018
3.75433
3.51571
3.16968
2.62454
2.09913
1.83029
1.50458
1.17692
0.860395
0.612005
0.454032
0.315066
0.198918
0.13656
0.118967
0.122727
0.0963054
0.113887
0.0970155
0.110051
0.0949025
0.112758
0.119026
0.125302
0.120214
0.118798
0.0902925
0.106875
0.0802198
0.0988648
0.129747
0.0992032
0.105449
0.0919251
0.0815643
0.122801
0.118677
0.126318
0.115496
0.0912329
0.0946312
0.098225
0.0829269
0.0890711
0.0915818
0.12028
0.0889625
0.130123
0.099739
0.104748
0.12563
0.0950118
0.101031
0.0930816
0.10259
0.11683
0.108351
0.128236
0.0978409
0.116708
0.10018
0.132242
0.090017
0.108053
0.126019
0.118475
0.101997
0.108341
0.120137
0.12785
