0
0
0
0
0
0
0
0
0
0
0
0
0
0
0
0
0
0
0
0
0
0
0
0
0
0
0
0
0
0
0
0
0
0
0
0
0
0
0
0
5.5503
5.64912
4.70818
3.7009
2.75861
1.96234
1.47688
0.862718
0.499888
0.322955
0.2463
0.133933
0.0780389
0.0951291
0.0912595
0.115712
0.108784
0.105924
0.109794
0.081896
0.0828092
0.0798128
0.0826713
0.0734555
0.0614564
0.0492829
0.0663629
0.038082
0.0573996
0.061537
0.0432
0.0535129
0.080737
0.0660943
0.0902207
0.087971
0.0799601
0.118958
0.102808
0.0992495
0.0979138
0.0788994
0.0894088
0.0931073
0.109912
0.116049
0.0992859
0.110733
0.107304
0.113946
0.0979276
0.0822848
0.0884602
0.105968
0.11301
0.102753
0.107702
0.092765
0.0805731
0.0621354
