0
0
0.978989
0.915618
0.738244
0.630607
0.358614
3.28511
2.73141
2.3236
1.9844
1.54739
1.06427
0.747257
4.99058
4.75911
4.65364
4.43116
3.9037
3.74302
3.66689
3.56138
3.45299
3.37017
3.34695
3.22303
3.10678
2.77325
2.45818
2.25896
2.15274
2.04394
1.68793
1.29022
1.14716
1.14611
0.944606
0.707246
0.505061
0.336574
0.298962
0.265323
0.201561
0.0823406
0.0498018
0.0494886
0.0251445
0.00264736
0.00257696
0.00256509
0.00181734
0.00124628
0.00219863
0.00233419
0.00117882
0.00302569
0.00340698
0.00336881
0.00226608
0.000469245
0.00302569
0.00218381
0.00151899
0.00202071
0.00200589
0.00335399
0.00196773
0.00200589
0.000917981
0.00155716
0.00230425
0.00335399
0.00221049
0.00221049
0.00226608
0.00221049
0.00202071
0.00234901
0.00221049
0.00148905
0.000835709
0.00185551
0.00259178
0.00256509
0.00166573
0.00265923
0.00166573
0.00193778
0.00231907
0.00163943
0.00259178
0.000917981
0.00188545
0.00157197
0.00219863
0.00199403
0.00163943
0.00290526
0.00230425
0.00304051
