8.68348
8.23427
7.24892
6.5818
6.09321
4.99204
3.88948
3.30778
2.85327
2.56514
2.11547
1.64594
1.07635
0.861529
0.613945
0.419202
0.266694
0.176482
0.0513653
0.0266404
0.00420839
0.00155432
0.00109419
0.00221216
0.00201339
0.00286344
0.00286344
0.00319508
0.00294341
0.00214739
0.0016246
0.0027307
0.00300943
0.00226506
0.00298662
0.00130265
0.00109419
0.000971011
0.00239906
0.00239906
0.00214739
0.00187627
0.00246383
0.00130265
0.00155432
0.00319508
0.00384867
0.00306659
0.0027307
0.00109419
0.002413
0.00298662
0.00220791
0.00298662
0.00134586
0.000772244
0.000692277
0.00351703
0.00207711
0.0025438
0.00273495
0.00326536
0.00319508
0.00155857
0.00226506
0.00174548
0.00273495
0.00134586
0.00351703
0.00155857
0.00195624
0.00266467
0.00130265
0.000440606
0.00207711
0.00168175
0.00214188
0.00226506
0.00273495
0.00331826
0.00193342
0.0026778
0.00195624
0.00202421
0.000692277
0.000772244
0.0014938
0.00189021
0.00201339
0.00182544
0.00130265
0.00168175
0.00142583
0.00351703
0.00306659
0.00189021
0.000692277
0.00227588
0.0025438
0.000440606
