19.2895
19.2895
18.6438
17.9153
17.3813
16.6438
15.5816
15.0005
14.4572
13.8603
13.0402
11.8522
10.3887
9.24485
8.515
7.80317
7.01159
6.57694
6.12514
5.28931
4.70655
4.16985
3.73109
3.47707
3.12062
2.7845
2.46814
2.26743
1.98244
1.80317
1.54906
1.16988
0.905323
0.728859
0.62304
0.478213
0.352197
0.246699
0.134738
0.0421593
0.0123153
0.00268099
0.000722966
0.00360164
0.000987857
0.00158331
0.000987857
0.00165513
0.00352982
0.00248159
0.00191483
0.00238271
0.00162287
0.00244934
0.0025821
0.00204598
0.00264241
0.00158331
0.000794785
0.000987857
0.00164994
0.00101493
0.00333675
0.00297295
0.00257059
0.0019419
0.00135166
0.00155105
0.00204598
0.00268099
0.00164362
0.00181432
0.000722966
0.00362871
0.00360164
0.00101493
0.00277355
0.00266948
0.0025821
0.00287406
0.00238271
0.00297295
0.00191483
0.00201372
0.00142348
0.0016822
0.00270174
0.00266948
0.00257059
0.00340857
0.0115056
0.00241965
0.00275019
0.00311399
0.00101968
0.00318581
0.00228752
0.00179096
0.00174726
0.00179096
