1.35439e-05
0.000835337
13.7695
12.6906
12.1797
11.7199
11.4081
10.5942
10.2448
8.98348
7.95789
6.86943
6.18656
5.03837
4.12531
3.33234
2.82133
2.45094
1.74441
1.27821
0.956634
0.583621
0.388562
0.191904
0.0774523
0.0146822
0.00274998
0.000851117
0.00357178
0.00167291
0.00169823
0.00169823
0.00281879
0.00208131
0.00116539
0.00146416
0.00313307
0.00132833
0.00176704
0.00357178
0.00364058
0.000782308
0.00183406
0.00272466
0.00125952
0.0016041
0.00215012
0.00228595
0.00364058
0.00258883
0.000412406
0.00208131
0.00357178
0.000851117
0.00132833
0.00265586
0.00274998
0.00320187
0.000782308
0.00190287
0.00364058
0.000851117
0.00252002
0.00265586
0.00132833
0.00125952
0.00231127
0.000343597
0.00183406
0.00215012
0.000782308
0.00281879
0.00176704
0.00139535
0.000851117
0.000851117
0.00231127
0.00313307
0.00265586
7.71238
7.71273
7.35348
6.66334
6.16655
5.53425
5.08472
4.65309
4.10664
3.59249
3.23178
2.67174
2.36185
2.26334
1.97743
1.71071
1.54414
1.3122
1.09582
0.900993
0.671595
