0
0
0
0
0
0
9.9703
9.87351
9.37965
8.79946
8.271
7.84268
7.47818
6.77463
6.22748
5.72991
5.16661
4.63707
4.28322
4.14511
4.1451
3.8945
3.73506
3.60942
3.55933
3.5194
3.51226
3.51711
3.51043
3.53349
3.5194
3.52372
3.53602
3.51676
3.51042
3.51042
3.51008
3.49408
3.51691
3.52859
3.52765
3.52823
3.52822
3.51456
3.5258
3.53103
3.52141
3.5142
3.51419
3.51456
3.53261
3.52643
3.51865
3.51937
3.51189
3.52813
3.5097
3.53307
3.53215
3.51482
3.50755
3.50128
3.49781
3.52972
3.52951
3.50445
3.50046
3.511
3.49453
3.50719
3.51746
3.50023
3.51283
3.52494
3.517
3.50207
3.50278
3.51323
3.49347
3.50293
3.48747
3.48748
3.49946
3.50974
3.49473
3.50528
3.50434
3.48961
3.49258
3.50418
3.48836
3.4839
3.47261
3.47562
3.48265
3.49113
3.49113
3.46896
3.46826
3.4696
