0
0
0
0
0
0
17.0944
16.1555
15.0204
13.1175
11.4575
9.76686
8.1094
7.04916
5.76451
4.3201
3.59689
2.94801
2.04416
1.54582
1.12741
0.690247
0.427183
0.229325
0.113851
0.0873701
0.103667
7.12716
7.10201
7.1167
6.84594
5.8497
5.26377
4.9832
4.26492
3.88423
3.28644
2.72873
2.32286
2.06056
1.61087
1.52925
1.23812
1.0912
0.981454
0.750135
0.48675
0.277471
0.214557
0.204883
0.120724
0.0965176
0.0738336
0.109564
0.0938101
0.0924952
0.0961041
0.115297
0.121558
0.104446
0.109748
0.0855515
0.12729
0.0920639
0.0799101
0.080093
0.0780339
0.114466
0.0700966
0.0844089
0.0885669
0.0952187
0.0718092
0.111283
0.08287
0.0986383
0.103903
0.0981435
0.0842128
0.078757
0.106672
0.101651
0.0889414
0.0917393
0.110487
0.060719
0.0799466
0.117816
0.0917877
0.122162
0.080093
0.0974637
0.082116
0.114208
0.104262
0.0773681
0.114895
0.106644
0.104965
0.102943
