0
0
0
0.0204824
0.000160106
0.000160106
0.000160106
0.000160106
0.000398599
0.000398599
0.000398599
0.000398599
0.000160106
0.000398599
0.000160106
0.000398599
0.000398599
0.000160106
0.000160106
0.000398599
0.000398599
0.000398599
0.000398599
0.000160106
0.000398599
0.000160106
0.000398599
0.000160106
0.000160106
0.000160106
0.000398599
0.000398599
0.000398599
0.000398599
0.000160106
0.000160106
0.000160106
0.000160106
0.000160106
0.000398599
0.000398599
0.000398599
0.000160106
0.000160106
0.000398599
0.000160106
0.000398599
0.000160106
0.000160106
0.000398599
0.000160106
0.000160106
0.000398599
0.000398599
0.000398599
0.000160106
0.000160106
0.000398599
0.000160106
0.000398599
0.000398599
0.000160106
0.000398599
0.000398599
0.000160106
0.000160106
0.000398599
0.000160106
0.000398599
0.000160106
0.000398599
0.000398599
0.000160106
0.000398599
0.000398599
0.000160106
0.000160106
0.000160106
0.000160106
0.000398599
0.000398599
0.000160106
0.000398599
0.000160106
0.000160106
0.000398599
0.000160106
0.000398599
0.000398599
0.000160106
0.000398599
0.000398599
0.000160106
0.000398599
0.000160106
0.000160106
0.000160106
0.000160106
0.000160106
0.000160106
