0
0
0
0
0
0
0
0
0
3.49646
3.18645
2.80767
2.40606
2.39578
2.21536
1.87437
1.30948
0.910661
0.697322
0.426883
0.277543
0.243957
0.156188
0.132898
0.0400003
0.0294368
0.0192646
0.0063292
0.00151755
0.00048974
0.00228834
0.00126053
0.000139295
0.00048974
0.0019379
0.000910087
0.000910087
0.00048974
0.00048974
0.00048974
6.36881
6.20471
5.57036
5.41727
4.82668
4.4072
3.87377
3.49908
3.14264
2.91395
2.58908
2.38385
2.09098
1.81809
1.5632
1.25342
0.85301
0.737042
0.530261
0.357771
0.319456
0.189978
0.113917
0.092059
0.0209278
0.00673771
0.00201351
0.00056535
0.00056535
0.00201351
0.00286246
0.000985698
0.0014842
0.00133614
0.00174122
0.000985698
0.00183465
0.00124272
0.000985698
0.00286246
0.00124272
11.4425
11.2275
10.8071
9.79117
9.01828
8.27867
7.52691
6.92457
6.35453
5.85374
5.54294
5.23912
5.09214
4.65927
4.65843
4.245
3.85296
3.35571
3.12223
