0
0
0
0
0
0
0
0
0
0
0
0
0
0
0
0
0
0
0
0
0
0
0
0
0
0
0
0
0
0
0
0
0
0
0
0
0
0
1.38592
1.32487
1.15974
0.776187
0.666896
0.498803
0.411114
0.37033
0.23009
0.199968
0.120824
0
0
0
0
0
0
0
0
0
0
0
0
0
0
0
0
0
0
11.2711
11.2711
11.2695
10.9719
9.53909
8.21186
7.22639
6.5319
5.66544
4.86545
3.79566
2.74143
2.11628
1.33774
0.932935
0.654711
0.589559
0.582575
0.582575
0.283458
0.0925804
0.00669927
0.00231834
0.00231834
0.00220262
0.00231834
0.00220262
0.000577186
0.00805845
0.00205208
0.00193636
0.00367752
0.0035618
