5.9464
5.93463
5.60419
5.14162
4.99343
4.5661
3.76616
3.64046
3.04398
2.71169
2.39956
1.74272
1.57453
1.26374
0.98709
0.74457
0.536183
0.324665
0.140085
0.0756305
0.0449349
0.0134449
0.0031183
0.000190633
0.000360651
0.001325
0.00115498
0.000190633
0.00115498
0.000190633
0.001325
0.00115498
0.000190633
0.001325
0.001325
0.000360651
0.000360651
0.00115498
0.001325
0.000190633
0.001325
0.000190633
0.000360651
0.00115498
0.000360651
0.00115498
0.000360651
0.00115498
0.001325
4.40056e-06
4.40056e-06
0.0019331
0.0019331
4.40056e-06
0.0019331
4.40056e-06
0.0019331
0.0019331
4.40056e-06
0.0019331
0.0019331
0.0019331
0.0019331
4.40056e-06
0.0019331
4.40056e-06
0.0019331
4.40056e-06
4.40056e-06
4.40056e-06
4.40056e-06
4.40056e-06
0.0019331
0.0019331
0.0019331
4.40056e-06
0.0019331
0.0019331
4.40056e-06
0.0019331
4.40056e-06
0.0019331
4.40056e-06
4.40056e-06
0.0019331
0.0019331
0.0019331
4.40056e-06
0.0019331
4.40056e-06
0.0019331
4.40056e-06
0.0019331
0.0019331
4.40056e-06
4.40056e-06
0.0019331
0.0019331
0.0019331
0.0019331
