6.03044
5.6199
5.22838
4.61821
4.16828
3.85315
3.43729
2.74684
2.23367
1.55997
10.025
24.302
23.3527
21.2251
19.5789
19.0123
17.7374
17.4374
16.7487
16.0832
15.9631
15.4755
14.8294
14.7304
14.2926
13.2364
12.7874
12.2944
11.3126
10.7085
9.7836
8.79446
8.09398
7.51058
7.11551
6.25321
5.64994
5.4583
5.04814
4.90831
4.26559
3.97115
3.4653
3.07436
2.84227
2.41465
2.02608
1.92629
1.58167
2.68811
1.61252
0.897912
0.512062
0.513702
0.449767
0.194623
0.0157576
0.00307785
0.00416018
0.00471809
0.00307785
0.00416018
0.00307785
0.00471809
0.00251994
0.00471809
0.00416018
0.00416018
0.00307785
0.00307785
0.00251994
0.00251994
0.00307785
0.00307785
0.00307785
0.00471809
0.00307785
0.00307785
0.00471809
0.00307785
0.00307785
0.00251994
0.00251994
0.00251994
0.00251994
0.000430901
0.00102035
0.00102035
0.00102035
0.00102035
0.00266059
0.00102035
0.00266059
0.00266059
0.00266059
0.00266059
0.0032185
0.00266059
0.00102035
0.00102035
