1.58068
1.33338
0.926518
0.595958
0.613117
0.231772
0.142006
0.0505762
0.0412903
0.0383997
0.0383997
0.0382762
0.0383997
0.0382762
0.0434345
0.00101717
0.000893692
0.00101717
0.00190267
8.19064e-06
8.19064e-06
8.19064e-06
0.00101717
0.000893692
0.00101717
0.00190267
0.00190267
0.00190267
8.19064e-06
8.19064e-06
0.000893692
0.00190267
0.00101717
8.19064e-06
0.00101717
8.19064e-06
0.00190267
0.0714077
8.19064e-06
8.19064e-06
0.0714077
0.0724167
8.19064e-06
0.00101717
0.0724167
0.0714077
0.0715312
0.00101717
0.00101717
0
0
0
0
0
0
0
0
0
0
0
0
0
0
0
0
0
0
0
0
0
0
0
0
0
0
0
0
0
0
0
0
0
0
0
0
0
0
0
0
0
0.304219
0.170569
0.0520997
7.1802e-06
0.00189286
7.1802e-06
0.00189286
7.1802e-06
0.00189286
0.00189286
