0
0
13.1915
12.9685
12.7505
12.5312
12.3083
17.1504
16.412
15.496
14.6418
13.6872
13.2563
12.8157
12.6995
12.4438
11.9446
11.7015
10.5991
9.65771
8.96479
8.07725
7.40672
6.37381
5.35914
4.46507
3.90549
3.47897
2.93832
2.6436
2.25322
1.72793
1.25346
0.988954
0.908578
0.669529
0.5192
0.427636
0.275285
0.182972
0.069183
0.0190286
0.00333045
0.00379524
0.00300087
0.00273779
0.00194341
0.00195982
0.00194341
0.00213357
0.000894433
0.000894433
0.000894433
0.00373682
0.000476505
0.000894433
0.00213357
0.000894433
0.00213357
0.000476505
0.00207975
0.00331889
0.0025515
0.00373682
0.00373682
0.00373682
0.000476505
0.00166182
0.00207975
0.00207975
0.000894433
0.000476505
0.0025515
0.00213357
0.00207975
0.00373682
0.00166182
0.00331889
0.00331889
0.00166182
0.00331889
0.0025515
0.00331889
0.000894433
0.00166182
0.00213357
0.00213357
0.000894433
0.00166182
0.00166182
0.0025515
0.00166182
0.00331889
0.000894433
0.00331889
0.000894433
0.000476505
0.000476505
0.00166182
0.000476505
