0.94657
0.929377
0.920676
0.798685
0.687341
0.583529
0.487249
0.40046
0.360257
0.286233
0.192129
0.116182
0.0941374
0.0761802
0.0321166
0.0071744
0.00036496
0.00134594
0.00036496
0.00116552
0.00134594
0.00036496
0.00116552
0.00036496
0.00036496
0.00134594
0.000184535
0.00134594
0.00134594
0.000184535
0.00036496
0.00116552
0.000184535
0.00116552
0.00116552
0.000184535
0.000184535
0.00116552
0.00036496
0.00036496
0.00134594
0.000184535
0.000184535
0.000184535
0.00134594
0.00116552
0.00116552
0.00036496
0.00116552
0.000726505
0.000365655
0.601187
0.601547
0.531731
0.405975
0.204922
0.0492046
0.000463329
0.000463329
0.000824178
0.00168278
0.000463329
0.000824178
0.00204363
0.00168278
0.00168278
0.000824178
0.00168278
0.00168278
0.00204363
0.00168278
0.000824178
0.000463329
0.00168278
0.000463329
0.00204363
0.000463329
0.00204363
0.000824178
0.00168278
0.000463329
0.00168278
0.00168278
0.00168278
0.00168278
0.000463329
0.00204363
0.00168278
0.00204363
0.000824178
0.00204363
0.00168278
0.000824178
0.00204363
0.00168278
0.00168278
0.000824178
0.00204363
0.00168278
0.000463329
