0
0
0
0
0
0
0
0
0
0
0
0
0
0
0
0
0
0
0
0
0
0
0
0
0
0
0
0
0
0.138679
0.0784141
0.0200135
0.00187245
8.4871e-06
0.00187245
0.00187245
8.4871e-06
8.4871e-06
0.00187245
0.00187245
0.00187245
0.00187245
8.4871e-06
8.4871e-06
0.00187245
8.4871e-06
0.00187245
8.4871e-06
0.00187245
8.4871e-06
8.4871e-06
8.4871e-06
8.4871e-06
0.00187245
0.00187245
8.4871e-06
8.4871e-06
0.00187245
8.4871e-06
8.4871e-06
0.00187245
8.4871e-06
0.00187245
0.00187245
0.00187245
8.4871e-06
8.4871e-06
0.00187245
8.4871e-06
0.00187245
0.00187245
0.00187245
0.00187245
8.4871e-06
0.00187245
0.00187245
0.00187245
8.4871e-06
0.00187245
8.4871e-06
8.4871e-06
0.00187245
8.4871e-06
0.00187245
0.00187245
0.00187245
0.00187245
0.00187245
0.00187245
8.4871e-06
8.4871e-06
0.00187245
0.00187245
8.4871e-06
0.00187245
0.00187245
8.4871e-06
8.4871e-06
0.00187245
8.4871e-06
