2.16113
1.17243
0.642304
0.391611
0.0181266
0.00188627
0.00188627
0.00188627
0.00293926
0.00188627
0.00015541
0.0012084
0.00293926
0.00188627
0.0012084
0.00293926
0.00015541
0.00293926
0.00015541
0.00188627
0.00293926
0.0012084
0.00015541
0.00015541
0.00015541
0.00293926
0.00015541
0.00015541
0.00293926
0.0012084
0.00293926
0.00015541
0.00188627
0.00188627
0.0012084
0.0012084
0.00293926
0.00293926
0.00293926
0.0012084
0.00293926
0.00892975
0.00015541
0.00188627
0.00293926
0.00015541
0.00015541
0.00293926
0.0012084
0.00293926
0.00188627
0.0012084
0.0012084
0.00015541
0.00188627
0.00188627
0.00188627
0.00293926
0.00293926
0.00293926
0.00188627
0.0012084
0.00293926
0.00188627
0.0012084
0.0012084
0.0012084
0.00015541
0.00188627
0.00015541
0.00188627
0.00188627
0.00188627
0.0012084
0.00015541
0.00293926
0.00188627
0.0012084
0.00015541
0.00293926
0.00293926
0.0012084
0.00293926
0.00293926
0.00015541
0.00293926
0.00015541
0.0012084
0.0012084
0.00188627
0.00293926
0.00188627
0.00293926
0.0012084
0.00188627
0.00188627
0.0012084
0.00015541
0.0012084
0.00015541
