0
0
0
0
0
0
0
0
0
0
0
0
0
0
0
0
0
0.611507
0.541597
0.35734
0.211277
0.0759091
0.00836029
0.00206326
0.00206326
5.75053e-07
5.75053e-07
5.75053e-07
0.00206326
5.75053e-07
5.75053e-07
0.00206326
5.75053e-07
0.00220333
0.00206326
5.75053e-07
0.00206326
0.00206326
0.00206326
5.75053e-07
5.75053e-07
0.00206326
0.00206326
5.75053e-07
0.00206326
5.75053e-07
5.75053e-07
5.75053e-07
0.330976
0.328913
2.45175
2.45175
1.9104
1.32455
17.6422
17.4809
17.4067
16.3022
14.7361
14.2591
12.5635
11.2907
10.0842
9.79114
9.22006
8.39828
7.11789
6.63208
5.49485
4.86697
4.46816
4.08671
3.54817
2.15297
1.89465
1.53109
1.20793
1.01395
0.754512
0.603107
0.409599
0.250431
0.100534
0.0177825
0.0129257
0.010519
0.00700539
0.00700539
0.00700539
0.00370485
0.00285313
0.00164217
0.000531458
0.00164217
0.00164217
0.00190116
0.000531458
0.00190116
0.00190116
0.00164217
