0.260673
0.0784593
0.00247026
0.00180148
1.31601e-05
0.00180148
0.689951
0.478024
0.30609
0.174131
0.174131
0.0767618
0.00865506
0.00209079
0.00180184
1.35198e-05
0.00180184
0.00180184
0.00180184
0.00209079
1.35198e-05
0.00209079
1.35198e-05
0.00180184
0.00180184
0.00180184
0.00180184
0.00387911
1.35198e-05
0.00387911
0.00209079
0.00387911
0.00209079
0.644102
0.644102
0.505068
0.330104
0.191037
0.117576
0.04278
0.0140495
0.00237968
0.00294241
0.000865139
0.00030241
0.00209073
0.000865139
0.00473073
0.004168
0.00265346
0.000865139
0.00473073
0.00209073
0.00265346
0.00209073
0.00265346
0.000865139
0.00209073
0.00237968
0.00294241
0.00237968
0.004168
0.00294241
0.004168
0.00237968
0.00294241
0.00294241
0.00237968
0.004168
0.00030241
0.00294241
0.00265346
0.000865139
0.00030241
0.00473073
0.00237968
0.00473073
0.00294241
0.00265346
0.00030241
0.000865139
0.00473073
0.00473073
0.004168
0.00237968
0.00294241
0.00265346
0.00473073
0.00209073
0.00030241
0.00294241
0.00209073
0.00237968
0.00294241
0.00030241
0.00237968
0.004168
0.000865139
0.00294241
0.004168
