0
0
0
0
0
0
0
0
0
0
0
0
0
0
0
0
0
0
0
0
0
0
0
0
0
0
0
0
0
0
0
0
0
0
0
0
0
0
0
0
0
0
0
0
0
0
0
0
0
0
0
0
0
0
3.34413
3.34413
3.34413
2.70274
2.40763
1.99696
1.7445
1.29075
0.660852
0.39471
0.287218
0.0670511
0.000324888
0.000791582
0.000324888
0.000791582
0.000324888
0.000791582
0.000791582
0.000791582
0.000791582
0.000324888
0.000791582
0.000324888
0.000791582
0.000324888
0.000791582
0.000324888
0.000791582
0.000791582
0.000791582
0.000791582
0.000791582
9.75037
9.7499
9.75037
9.7499
9.18209
8.09627
7.57918
7.32751
6.83555
6.13031
5.90377
5.68148
11.034
