0
0
0
0
0
0
0
0
0
0
0
0
0
0
0
0
6.36403
6.36403
5.90651
5.25222
5.04266
4.05884
3.34859
2.86069
2.41119
2.00009
1.62738
1.09153
0.662332
0.395766
0.0674052
0.0279751
0.000305437
0.000824073
0.000824073
0.000824073
0.000305437
0.000305437
0.000824073
0.000305437
0.000824073
0.000824073
0.000824073
0.000824073
0.000305437
0.000824073
0.000305437
0.000305437
0.000305437
0.000305437
0.000305437
0.000305437
0.000305437
0.000824073
8.66338
8.66338
8.12911
6.86914
5.49743
4.66793
4.09092
3.3798
2.88961
2.43833
1.89566
1.20961
0.83756
0.603305
0.249435
0.165771
0.0727791
0.00222029
0.00222029
0.00222029
0.00222029
0.000383034
0.00170165
0.000383034
0.00222029
0.000383034
0.00090167
0.00170165
0.00222029
0.00222029
0.00222029
0.00222029
0.00090167
0.000383034
0.000383034
0.925849
0.67741
0.250112
0.0736811
0.00868311
0.0017793
0.000979315
0.000460679
0.00229793
0.0030983
0.000460679
