0
0
0
0
0
0
0
0
6.37057
6.37057
5.91339
5.47324
5.25955
4.64405
4.25501
3.883
3.70338
3.19006
2.86914
2.27836
2.00851
1.51985
1.40832
1.00473
0.595897
0.401596
0.245528
0.127679
0.0703361
0.00656405
0.000122292
0.0012235
0.000122292
0.000122292
0.000122292
0.0012235
0.000122292
0.000122292
0.0012235
0.000122292
0.0012235
0.0012235
0.000122292
4.98084
4.19023
3.46997
2.81565
1.96356
1.26472
0.720169
0.381327
0.150972
0.0134354
0.000459794
0.00199041
0.000459794
0.000459794
0.00199041
0.000889204
6.28348
6.28391
5.17928
4.37458
3.99614
3.63693
3.63626
3.46317
3.46207
3.4625
3.29256
3.29256
3.29299
3.29256
2.36604
1.83167
1.36651
1.26128
0.970948
0.970948
0.969418
0.640392
0.502926
0.380506
0.228299
0.18796
0.18753
0.148809
0.0867415
0.0133816
0.00132786
0.00073523
0.00132786
0.00116464
0.00285847
0.00285847
0.00132786
0.00226585
0.00285847
0.00285847
0.00242907
