0
0
0
0
0
0
0
0
0
6.48453
6.02291
5.36246
4.94347
3.7888
2.94377
2.20528
1.81331
1.35032
1.14438
0.704069
0.55775
0.428462
0.220966
0.110031
0.0373878
7.94725e-05
7.94725e-05
7.94725e-05
0.00138326
7.94725e-05
0.00138326
7.94725e-05
7.94725e-05
0.00138326
0.00138326
0.00138326
7.94725e-05
7.94725e-05
0.00138326
0.00138326
0.00138326
0.00138326
7.94725e-05
7.94725e-05
0.00138326
7.94725e-05
0.00138326
7.94725e-05
0.00138326
6.24164
10.2383
9.56513
8.93038
8.14378
7.77739
7.42545
6.47725
6.19488
5.92958
5.23608
4.94562
4.61982
4.54903
4.48382
4.42026
4.21392
4.13766
4.052
4.03372
4.03372
4.03372
3.8173
3.29439
2.81396
2.51329
2.09347
1.96197
1.96502
1.71307
1.36975
1.06352
0.882863
0.798726
0.719714
0.50131
0.326091
0.276937
0.188815
0.148101
0.11645
0.0637526
0.0250629
0.00033085
0.00279811
0.00105054
0.00105054
0.00105054
0.00033085
0.00033085
0.00033085
