0.000206633
0.13427
0.133468
0.0745584
0.000226423
0.0027511
0.0027511
0.00194876
0.0027511
0.00102876
0.000226423
0.00194876
0.00102876
0.000226423
0.00194876
0.000226423
0.00102876
0.0027511
0.000226423
0.00102876
0.000226423
0.00194876
0.000226423
0.000226423
0.000226423
0.00102876
0.00194876
0.00194876
0.0027511
0.0027511
0.00194876
0.0027511
0.00102876
0.000226423
0.00194876
0.00102876
0.00102876
0.000226423
0.000226423
0.000226423
0.00194876
0.00194876
0.00102876
0.0027511
0.00102876
0.00102876
0.00194876
0.00102876
0.00102876
0.00102876
0.000226423
0.00194876
0.00194876
0.000226423
0.00102876
0.00194876
0.00102876
0.0027511
0.00102876
0.0027511
0.0482972
0.0482972
0.0465749
0.0465749
0.0490996
0.0482972
0.0465749
0.028821
0.00863773
0.00299604
0.00299604
0.00299604
0.0012737
0.0021937
0.00288126
0.00288126
0.0036836
0.0012737
0.00196126
0.0036836
0.000471365
0.00196126
0.00288126
0.0036836
0.00196126
0.00288126
0.00196126
0.0036836
0.00115892
0.0036836
0.00196126
0.00288126
0.00288126
0.0012737
0.00299604
0.00196126
0.0021937
0.000471365
0.0012737
0.00299604
