0
0
0
0
0
0
0
0
0
0
0
0
0
0
0
0
0
0
0
0
0
0
0
0
0
0
0
0
0
0
0
0
0
0
0
0
5.29155
5.03486
4.20322
3.21376
2.56122
1.98542
1.44874
1.07585
0.717467
0.394558
0.189601
0.0613585
0.00982321
0.00177636
0.00367135
0.00191825
2.32665e-05
0.00191825
2.32665e-05
2.32665e-05
0.00177636
0.00177636
0.00177636
0.00191825
2.32665e-05
0.00191825
2.32665e-05
0.00177636
0.00191825
2.32665e-05
0.121067
0.124716
0.122962
0.124716
0.122821
0.0930018
0.00510064
0.000655879
0.00255086
0.00430396
0.00255086
0.00221528
0.00240898
0.000462183
0.00411026
0.00411026
0.000655879
0.00235717
0.00240898
0.000462183
0.00240898
0.000655879
0.00221528
0.00255086
0.00430396
0.00411026
0.000655879
0.00411026
0.000462183
0.00255086
0.00235717
0.00235717
0.00235717
0.000655879
