0
0
0
0
0
0
0
0
0
0
0
0
0
0
0
0
0
0
0
0
0
0
0
0
0
0
5.85096
5.20128
4.39458
3.48189
2.38264
1.6061
1.17332
0.808411
0.578729
0.280729
0.0638875
0.00462995
0.00047809
0.000591124
0.00047809
0.000591124
0.00047809
0.000591124
0.00047809
0.000591124
0.00047809
0.000591124
0.000591124
0.00047809
0.00047809
0.00047809
0.000591124
0.00047809
0.00047809
0.00047809
0.000591124
0.00047809
0.00047809
0.000591124
0.000591124
0.000591124
0.00047809
5.09385
5.09385
5.09385
4.48762
3.91991
3.56269
3.05887
2.59344
2.44672
1.77778
1.42755
1.21528
0.759548
0.537422
0.353467
0.208135
0.0738247
0.00800129
0.000630678
0.00218286
0.000517643
0.000630678
0.000630678
0.00218286
0.00218286
0.000517643
0.000630678
0.000630678
0.000517643
0.000630678
0.000517643
0.000517643
0.00206982
0.000517643
0.00206982
0.000630678
0.000630678
