0
0
0
0
0
0
0
0
0
0
0
0
0
0
4.82702
4.23736
3.51088
2.69878
1.99334
1.39457
1.08651
0.735487
0.392712
0.285468
0.12218
0.0661351
0.0271566
0.000398287
0.000688028
0.000688028
0.000398287
0.000398287
0.000398287
0.000398287
0.000398287
0.000398287
0.000398287
0.000688028
0.000688028
0.000688028
0.000688028
0.000688028
0.000688028
0.000398287
0.000398287
0.000688028
0.000398287
0.000688028
0.000398287
6.01652
5.35664
4.34235
3.60738
3.10058
2.48486
1.93728
1.34859
1.14292
0.866607
0.703483
0.557087
0.557087
0.369828
0.266251
0.143063
0.143063
0.110115
0.110115
0.0379275
0.00368386
0.0020879
0.000762996
0.000762996
0.000473256
0.00179816
0.00179816
0.000762996
0.000473256
0.000473256
0.0020879
0.0020879
0.000762996
0.000473256
0.0020879
0.00179816
0.00179816
0.000473256
0.0020879
0.0020879
0.000762996
0.000762996
0.000473256
0.0020879
0.0020879
0.00179816
0.000473256
0.000762996
0.000762996
0.00179816
0.00179816
