0
0
0
0
0
0
0
0
0
0
0
0
0
0
0
0
0
0
0
0
0
0
0
0
0
12.4619
12.2806
11.598
11.1306
10.7014
10.1887
9.95773
9.64318
9.36614
9.12712
8.9265
8.71872
8.60767
8.53501
8.49783
8.4992
8.49783
8.4992
8.49783
8.4992
8.4992
8.49783
8.4992
8.4992
8.49783
8.4992
8.4992
8.49783
8.4992
8.4992
8.49783
8.4992
8.4992
8.49783
8.4992
8.4992
8.49783
8.4992
8.4992
8.49783
8.4992
8.4992
8.49783
8.4992
8.4992
8.49783
8.4992
8.4992
8.49783
8.4992
8.4992
8.49783
8.4992
8.49783
8.4992
8.49783
8.49783
8.4992
8.49783
8.49783
8.4992
8.49783
8.4992
8.49783
8.4992
8.49783
8.4992
8.49783
8.49783
8.4992
8.49783
8.49783
8.4992
8.49783
8.4992
