19.916
19.701
19.5008
18.8213
18.0991
17.5191
16.7488
15.861
15.1825
13.631
11.99
10.7137
9.42137
8.36314
7.60562
6.63618
6.24217
5.73402
5.23158
4.64874
3.63949
2.98227
2.474
2.13315
1.68159
1.58273
1.34588
1.27172
0.994264
0.751055
0.543506
0.495693
0.451005
0.334438
0.227304
0.197404
0.097622
0.0243036
0.00424495
0.00224514
0.00270522
0.00273279
0.00194206
0.00224514
0.0030587
0.00196922
0.00217493
0.00201227
0.00344555
0.00212452
0.00234553
0.00270522
0.00229554
0.0014544
0.00217493
0.0020351
0.00282584
0.00206267
0.000741234
0.00127153
0.00141135
0.00268239
0.0030587
0.00206226
0.00273238
0.0030587
0.00293809
0.00117848
0.0014544
0.0015548
0.00291526
0.00212452
0.00141135
0.00301565
0.00226797
0.00349595
0.00217451
0.00127153
0.00194206
0.00122889
0.00270522
0.00234553
0.00282584
0.0030083
0.00055877
0.00270522
0.00206226
0.00201227
0.00189165
0.00349595
0.00224514
0.00220209
0.00224514
0.00199205
0.00372882
0.00217451
0.00122154
0.0015548
0.00229513
0.0013495
