0
15.392
15.1207
14.564
13.8012
13.341
12.6705
11.4856
10.3902
9.87111
9.39804
8.50682
7.15992
6.58747
5.63296
4.49751
3.66974
2.99126
2.5006
1.71855
1.33159
1.22674
1.05391
0.911166
0.729054
0.418221
0.342921
0.183877
0.0864473
0.0531337
0.0183838
0.00299903
0.00333295
0.00194967
0.00253449
0.00253449
0.00282503
0.00178834
0.00119522
0.00220747
0.00112019
0.00128042
0.00119522
0.000663962
0.00194967
0.00394941
0.00238257
0.0024059
0.00184191
0.00302926
0.00200324
0.00243614
0.00431497
0.00310429
0.00119522
0.00105285
0.00243614
0.00158411
0.00310429
0.00299903
0.00194967
0.00161434
0.00156077
0.00178834
0.00246778
0.00251116
0.00207888
0.00187465
0.00243614
0.00356052
0.00194967
0.00105285
0.00163768
0.00171332
0.00341816
0.00273873
0.00217724
0.00333295
0.00372184
0.00220747
0.00194967
0.000298402
0.00178834
0.00335628
0.0026637
0.00312762
0.0021539
0.00124878
0.00161434
0.00200324
0.00333295
0.00125709
0.00310429
0.0029757
0.00238257
0.00394941
0.00296739
0.00302926
0.00335628
0.00341816
