18.8044
17.2923
15.6167
14.1028
13.0526
12.9468
11.9002
10.7906
9.74622
8.78025
7.61929
6.54022
5.61437
4.98314
4.0924
3.47698
2.68642
2.27377
1.73287
1.26807
0.98258
0.737215
0.552053
0.299113
0.156784
0.132071
0.0547425
0.0406907
0.0193315
0.00292874
0.000846426
0.00141246
0.00261493
0.00237468
0.00263169
0.00210065
0.0027224
0.0012109
0.00279973
0.00205097
0.00148494
0.00131837
0.0019435
0.00235792
0.0017587
0.00255948
0.00219136
0.00137747
0.00254272
0.00115545
0.00133513
0.00122766
0.0017587
0.00139422
0.0027224
0.00166974
0.00186617
0.00150317
0.00237616
0.0019435
0.00255948
0.00219136
0.00148494
0.00202844
0.00186617
0.00225045
0.00184364
0.00235792
0.00139422
0.00157902
0.00168649
0.00219136
0.00205097
0.00210065
0.00150169
0.00157902
0.00184364
0.00226721
0.0027224
0.000953896
0.00281649
0.00115545
0.00292396
0.0012109
0.00150317
0.00226721
0.00182688
0.00115545
0.00239292
0.00237468
0.00254272
0.00279973
0.00235792
0.00261493
0.00184942
0.00255948
0.00182688
0.00237468
0.00201168
0.00166974
