8.65649
8.09273
7.44775
6.93588
6.79627
6.40453
5.46896
4.60539
3.98687
3.61718
3.26669
2.98254
2.31054
2.11923
1.56212
1.15555
0.974607
0.804139
0.690459
0.460088
0.270369
0.176869
0.127623
0.0510573
0.0175066
0.00595961
0.00323945
0.00278559
0.00278559
0.00278559
0.00278559
0.000658288
0.00269482
0.000917435
0.00146207
0.00193685
0.00226501
0.00167541
0.00226501
0.00333023
0.0016777
0.00150704
0.00113306
0.0040882
0.00222004
0.00323945
0.00328442
0.00150704
0.00252415
0.00231082
0.00167541
0.00141626
0.00328442
0.00278559
0.000871622
0.00328442
5.0997
5.09943
5.00672
5.00984
4.9176
4.82912
4.27128
3.62589
2.92008
2.1933
1.82398
1.41107
1.05203
0.86049
0.745117
0.534005
0.360733
0.19327
0.0765383
0.00694152
0.00128532
0.00284937
0.00263375
0.00213407
0.0013761
0.00165861
0.00258725
0.00369812
0.00272452
0.0045019
0.00272452
0.0024624
0.000265229
0.00369514
0.000527352
0.00267871
0.0024624
0.00154676
0.003436
0.00310852
0.00191776
0.00107199
0.00258725
0.00208911
