0
15.8133
15
14.205
13.629
13.2922
13.0095
12.6006
11.9227
11.2464
10.4096
10.2237
9.29729
8.80248
8.67066
8.26025
7.35546
6.74362
6.34529
5.90006
5.18888
4.82275
4.4944
4.11017
4.05174
3.81163
3.2337
3.05008
2.587
2.37261
2.27409
2.177
1.98757
1.80807
1.63961
1.47539
1.10534
0.849605
0.678094
0.627668
0.527126
0.437796
0.395875
0.319994
0.28444
0.138607
0.0575281
0.0214312
0.00216836
0.00395797
0.00045192
0.00269263
0.00257046
0.00436008
0.00117032
0.00216836
0.00245256
0.00364168
0.00280415
0.00197424
0.00448225
0.00245256
0.00220196
0.00376385
0.0032
0.00120989
0.00157242
0.0038358
0.00332843
0.00045192
0.00261003
0.00264364
0.00192829
0.00108772
0.00136139
0.00211936
0.00436008
0.00360211
0.00148357
0.0038358
0.00108772
0.00269263
0.00207979
0.00364168
0.00276581
0.00292633
0.00245256
0.00360211
0.00200784
0.00269263
0.00132779
0.00272624
0.00132779
0.00280415
0.00200784
0.00197424
0.00372428
0.0038358
0.00157242
0.00264364
