0
0
0
0
5.79553
9.74102
9.63932
9.50278
9.35752
8.77386
8.76715
8.61649
8.28859
8.28849
7.92646
7.80369
7.62238
7.42793
6.75896
6.70308
6.35524
6.08557
5.92058
5.92105
5.81334
5.75648
5.68261
5.56537
5.40371
5.39708
5.12403
4.95827
4.82907
4.74655
4.66425
4.61607
4.57036
4.41277
4.32362
4.28943
4.12237
3.9115
3.82836
3.79288
3.72459
3.69559
3.5276
2.98775
2.84958
2.61776
2.5347
2.31065
2.15208
1.94632
1.8748
1.67429
1.43962
1.2146
1.02691
0.935114
0.952259
0.912176
0.802576
0.735293
0.709448
0.662577
0.591307
0.442109
0.386827
0.353068
0.275643
0.273115
0.229549
0.183286
0.152853
0.127764
0.114946
0.111758
0.108701
0.0965476
0.095466
0.0966232
0.108383
0.110134
0.136988
0.127746
0.104986
0.133624
0.125851
0.137452
0.146809
0.15273
0.133747
0.139364
0.152321
0.167386
0.169469
0.206415
0.178854
0.147119
