9.41667
9.41667
30.8304
30.6546
30.2475
29.7493
28.756
27.4891
24.6703
23.6624
22.524
21.0829
20.4454
18.8478
17.4717
16.2384
14.3696
11.7664
10.5634
9.3032
7.99165
6.36633
4.91967
4.21422
3.35047
2.4008
1.74997
1.25172
0.84618
0.586102
0.443487
0.268325
0.139408
0.0803675
0.0320261
0.0121171
0.00429335
0.00161051
0.00221247
0.00175713
0.00175713
0.00307817
0.000744817
0.00142439
0.00252106
0.00296653
0.000670335
0.00165536
0.00307817
0.00186877
0.00204282
0.0023514
0.00161051
0.0024839
0.00284719
0.00279248
0.00296653
0.00142439
0.00254522
0.0028538
0.00254522
0.00172984
0.00389354
0.00100308
0.00262283
0.00175713
0.00317994
0.000670335
0.00329927
0.00334959
0.00262283
0.00284719
0.00274216
0.00334959
0.00117273
0.00274216
0.0028538
0.00279688
0.00327511
0.0046476
0.00333643
0.00180745
0.00165536
0.00322479
0.00279248
0.00329927
0.0010534
0.00149887
0.00122745
0.00334959
0.00279688
0.00334959
0.00236456
0.00262283
0.00302785
0.00274216
0.00262283
0.00719623
0.00153603
0.00161051
