15.0509
14.9729
14.7084
13.9694
13.5425
12.9806
12.6219
12.3361
12.0313
11.6543
11.4189
11.0081
10.1932
9.13156
8.46726
8.23642
7.65499
6.94986
6.60937
6.11539
5.33499
5.18525
4.60815
4.19573
3.67843
3.1945
2.85402
2.33021
2.04003
1.59987
1.36173
1.28718
1.07455
0.881397
0.602229
0.416392
0.375831
0.232841
0.149075
0.148541
0.103449
0.0263262
0.00358314
0.00151516
0.00300642
0.00198032
0.00303304
0.0024732
0.00101193
0.00200695
0.00090789
0.0029846
0.002508
0.00248355
0.00147218
0.00241213
0.00196398
0.0015348
0.00144111
0.00193735
0.00148253
0.00151516
0.0020054
0.00148253
0.00141112
0.00148253
0.00141112
0.00101193
0.0019966
0.00140414
0.000979307
0.00257124
0.00204837
0.00141112
0.00206802
0.00190891
0.000949315
0.00249983
0.000949315
0.000949315
0.00186594
0.00290238
0.00203803
0.00241213
0.00147218
0.00251017
0.00294535
0.0024732
0.00151516
0.002935
0.000446089
0.00190891
0.0024672
0.00206802
0.00198032
0.0020054
0.00290238
0.000968959
0.00101193
0.00290238
