0
7.89104
6.68114
5.25335
3.94301
2.84935
1.99807
1.50061
1.17244
1.08402
1.08498
1.08451
1.01728
0.831306
0.66293
0.466565
0.306281
0.180226
0.107068
0.0679992
0.0273038
0.00130966
0.0012439
0.000871766
0.0022706
0.0012439
0.00179874
0.000382686
0.00189846
0.000806011
0.0022706
0.000382686
0.000382686
0.00173298
0.000316931
0.00130966
0.00140938
0.00189846
0.00173298
0.0022706
0.0022706
0.0012439
0.00233635
0.00173298
0.00189846
0.000316931
0.000382686
0.00140938
0.00189846
0.00134362
0.00140938
0.0022706
0.00275968
0.00140938
0.00179874
0.00275968
0.000806011
0.00275968
0.00275968
0.00179874
0.0012439
0.00130966
0.000316931
0.000806011
0.00130966
0.00134362
0.00275968
0.00189846
0.00282543
0.00233635
0.00134362
0.00179874
0.00233635
0.00179874
0.000806011
0.000806011
0.00179874
0.00130966
0.00173298
0.00189846
0.00189846
0.0022706
0.00179874
0.00134362
0.00275968
0.0018327
0.00189846
0.00140938
0.0018327
0.00140938
0.00275968
0.0012439
0.00130966
0.00275968
0.0018327
0.00233635
0.0018327
0.00134362
0.00282543
0.0022706
