6.09469
6.05178
8.30022
7.92586
7.60379
7.19116
6.88806
6.54446
6.09183
5.74686
5.37632
4.91737
4.16981
3.64828
3.12161
2.65334
2.33856
1.95627
1.60813
1.3677
1.01407
0.711196
0.555689
0.378497
0.204327
0.105788
0.0509703
0.00985384
0.00219044
0.00269616
0.00231889
0.00225452
0.00404412
0.00154081
0.00339449
0.00288878
0.00288367
0.00225452
0.00117378
0.00117378
0.00340473
0.00154081
0.00302747
0.00224428
0.00139701
0.000688431
0.00139701
35.022
0.00451096
0.00232913
0.00224866
0.00268592
0.00217444
0.00168974
0.00255171
0.0031911
0.00131751
0.00339449
0.00131751
0.00155033
0.00154009
0.00340473
0.00332531
0.000543909
0.0030325
0.00326028
0.00304274
0.000688359
0.00254147
0.00238808
0.0022589
0.00288302
0.00289829
0.00202609
0.00288805
0.00154529
0.00169477
0.00218468
0.00168974
0.00224363
0.00217444
0.00289829
0.00202609
0.00218468
0.00217444
0.00289829
0.00232913
0.00318086
0.00203633
0.00303771
0.00218972
0.00202609
0.00239832
0.00332531
0.0011833
0.00224363
0.00239311
0.0031911
0.00188164
0.00117306
