0
0
0
0
0
0
0
0
0
0
0
0
0
0
0
0
0
0
0
0
0
0
0
0
0
0
0
0
0
0
0
0
0
0
0
0
0
0
0
0
0
0
0
0
0
0
2.17465
1.78518
1.32562
0.934325
0.611296
0.254749
0.134076
0.0749598
0.0182856
1.11509e-05
0.001836
1.11509e-05
0.001836
1.11509e-05
0.001836
1.11509e-05
0.001836
1.11509e-05
1.11509e-05
1.11509e-05
1.11509e-05
1.11509e-05
0.001836
1.11509e-05
1.11509e-05
1.11509e-05
0.001836
1.11509e-05
0.001836
1.11509e-05
0.001836
0.001836
0.001836
0.001836
1.11509e-05
0.001836
0.001836
0.001836
0.001836
1.11509e-05
0.001836
1.11509e-05
1.11509e-05
0.001836
1.11509e-05
1.11509e-05
0.001836
0.001836
1.11509e-05
1.11509e-05
0.001836
1.11509e-05
1.11509e-05
1.11509e-05
