2.22993
1.9633
1.71359
0.973121
14.2369
14.0597
13.9207
12.9495
12.3165
10.5885
9.54561
8.95459
8.40666
7.33946
6.89812
5.85566
5.35721
4.71652
4.32093
3.94624
3.24823
2.925
2.925
2.05711
1.68006
1.34138
0.860089
0.776626
0.485617
0.311821
0.0799478
0.0360687
0.000963754
0.000840116
0.00114888
0.00114888
0.00113377
0.00177994
0.00113377
0.00214465
0.00147462
0.00101462
0.00188179
0.0023418
0.00215564
0.00188179
0.00147462
0.00120078
0.00188179
0.00147462
0.00215564
0.00101462
0.00101462
0.00120078
0.00169563
0.00166079
0.00215564
0.00120078
0.00188179
0.00166079
0.00120078
0.00169563
0.00166079
0.00147462
0.00169563
0.00166079
0.00101462
0.00120078
0.0023418
0.00188179
0.00147462
0.00169563
0.00120078
0.00147462
0.00147462
0.00166079
0.00215564
0.00166079
0.00147462
0.00215564
0.00166079
0.0023418
0.00120078
0.0023418
0.00169563
0.0023418
0.00166079
0.00169563
0.00188179
0.00169563
0.00166079
0.00120078
0.00147462
0.00166079
0.00147462
0.00188179
0.00120078
0.00120078
0.00120078
0.00101462
