2.64512
3.46487
2.98341
2.3892
2.22526
1.89005
1.66149
0.863765
0.460994
0.200118
0.0155247
0.0105791
0.00879844
0.00879844
0.00106748
0.00224647
0.00106748
0.00224647
0.00106748
0.00313214
0.00224647
0.00313214
0.00313214
0.00224647
0.00313214
0.00224647
0.00106748
0.00106748
0.00313214
0.00224647
0.00106748
0.00313214
0.000181813
0.00106748
0.00313214
0.00106748
0.00313214
0.00106748
0.00224647
0.00106748
0.00106748
0.00224647
0.00313214
0.00106748
0.000181813
0.00106748
0.00224647
0.00106748
0.00224647
0.00224647
0.00313214
0.00313214
0.00313214
0.000181813
0.00224647
0.00313214
0.00224647
0.00313214
0.00224647
0.00313214
0.000181813
0.000181813
0.000181813
0.000181813
0.000181813
0.00224647
0.00224647
0.000181813
2.14892
1.20153
0.831998
0.462542
0.09746
0.018938
0.0012938
0.00335846
0.00123237
0.00217947
0.0012938
0.00123237
0.00217947
0.0012938
0.00123237
0.00329703
0.00335846
0.00217947
0.000346704
0.0012938
0.00329703
0.00335846
0.00329703
0.00424413
0.00217947
0.0012938
0.00335846
0.00241136
0.00424413
0.00241136
0.00241136
0.00424413
