0
0
0
0
0
2.23857
1.84315
1.60087
1.37565
1.1675
0.97641
0.573354
0.230477
0.0872213
0.0122289
0.000331609
0.000331609
0.000782714
0.000782714
0.000331609
0.000331609
0.000782714
0.000782714
0.000331609
0.000331609
0.000331609
0.000331609
0.000782714
0.000782714
0.000782714
0.000782714
0.000331609
0.000782714
0.000782714
0.000331609
0.000782714
0.000331609
0.000782714
0.000782714
0.000331609
0.000782714
0.000331609
0.000782714
0.000782714
0.000331609
0.000782714
0.000331609
0.000782714
0.000782714
0.000782714
0.000782714
0.000782714
0.000331609
0.000331609
0.000782714
0.000782714
0.000782714
0.000782714
0.000782714
0.000782714
0.000331609
2.2132
1.69937
1.35836
1.15218
0.635291
0.375961
0.146749
0.0232958
0.00141437
0.00186548
0.00186548
0.00186548
0.00141437
0.00141437
0.000506068
0.000957173
0.00141437
0.000506068
0.000957173
0.00186548
0.000506068
0.000957173
0.00141437
0.00141437
0.00141437
0.000957173
0.00141437
0.000506068
0.000957173
0.00141437
0.00186548
0.00141437
0.000506068
0.00186548
0.00141437
0.000506068
0.000957173
0.00141437
0.00141437
