0
0
0
0
0
0
7.83105
12.6919
12.2188
11.831
11.2924
10.8104
10.7165
10.226
9.47526
9.06166
8.65712
8.3893
8.17905
7.86537
7.29125
7.07615
6.45659
5.692
5.26555
4.10427
3.59973
3.14714
2.6881
2.37384
2.26829
1.89046
1.72467
1.72645
1.20876
0.979944
0.73817
0.469482
0.371809
0.318979
0.107261
0.104888
0.0866708
0.105302
0.0831666
0.0876986
0.0934878
0.0974175
0.0841853
0.0978553
0.0882573
0.121487
0.0596532
0.0834804
0.0589827
0.0684145
0.0624738
2.61239
2.60954
2.60244
2.60912
2.11462
1.83725
1.42414
0.958898
0.712185
0.560236
0.386483
0.372786
0.280607
0.235348
0.132768
0.116161
0.0499571
0.0536907
0.0732054
0.0517098
0.0489747
0.0554471
0.0505851
0.0708197
0.0538757
0.0506863
0.0512202
0.0457279
0.0635298
0.0441838
0.035427
0.0532563
0.059246
0.0481885
0.0554112
0.0618425
0.0474929
0.0623098
0.0682827
0.0555033
0.057299
0.058425
0.0651802
