10.5425
10.2189
9.79161
8.84659
8.16935
7.69938
7.30134
6.5344
5.93897
5.47841
4.6625
3.69031
3.16555
2.46729
1.86929
1.54792
1.26112
1.01967
0.798481
0.571236
0.335226
0.113847
0.0342453
0.00855894
0.00125033
0.00159651
0.00206993
0.00314659
0.00107754
0.00198444
0.00428139
0.00322236
0.0027671
0.000713202
0.00196929
0.00117819
0.00312171
0.00313507
0.00206993
0.00242763
0.00160803
0.00225176
0.00107754
0.00270339
0.000713202
0.00312171
0.00348968
0.0026816
0.00312171
0.00322236
0.00196929
0.00286774
0.00187227
0.000713202
0.0035012
0.00231546
0.00240276
0.00242455
0.00240276
0.00304957
0.000358587
0.0026816
0.00188379
0.0016183
0.00242455
0.00233726
0.00187535
0.00187535
0.00198444
0.00152917
0.0027671
0.00269496
0.00348968
0.00107754
0.00277073
0.00232698
0.00151101
0.00116483
0.00241611
0.00188379
0.00153281
0.00187535
0.00394131
0.00116483
0.00153281
0.00196929
0.0016183
0.00241611
0.00152917
0.0035867
0.00269187
0.00267008
0.00152917
0.0035867
0.00234878
0.00269496
0.00152917
0.00187227
0.00187227
0.00269496
