0
0
0
0
0
0
0
0.301598
0.301598
0.203596
0.0829129
0.0360945
0.0035252
3.51859e-05
0.000713998
3.51859e-05
0.000713998
3.51859e-05
3.51859e-05
0.000713998
3.51859e-05
3.51859e-05
3.51859e-05
3.51859e-05
0.000713998
0.000713998
3.51859e-05
3.51859e-05
3.51859e-05
3.51859e-05
3.51859e-05
3.51859e-05
3.51859e-05
3.51859e-05
3.51859e-05
0.000713998
0.000713998
3.51859e-05
3.51859e-05
3.51859e-05
0.000713998
0.000713998
3.51859e-05
3.51859e-05
3.51859e-05
3.51859e-05
3.51859e-05
3.51859e-05
0.000713998
3.51859e-05
0.000713998
0.000713998
3.51859e-05
3.51859e-05
0.314486
0.314486
0.18506
0.0712595
0.0555759
0.0186044
0.000763659
6.72353e-05
0.000763659
0.000746048
0.000763659
0.000746048
0.00144247
0.00144247
0.000763659
6.72353e-05
6.72353e-05
0.000763659
0.000746048
0.000763659
0.000763659
0.000763659
0.000763659
0.00144247
0.000763659
0.000763659
0.00144247
0.000763659
0.000746048
6.72353e-05
0.000746048
6.72353e-05
0.000746048
0.000746048
0.000763659
0.000746048
0.00144247
0.000763659
0.000763659
0.000763659
6.72353e-05
0.00144247
6.72353e-05
0.00144247
0.00144247
0.000763659
