14.9004
14.9004
14.9004
14.6008
14.276
13.8726
13.3935
13.2218
12.9834
12.8351
12.6953
12.5641
12.3832
12.1718
12.0356
11.9945
11.8134
11.6875
11.6197
11.5969
11.5494
11.5218
11.517
11.5135
11.5141
11.5151
11.5141
11.5143
11.515
11.5136
11.5142
11.5136
11.5142
11.5141
11.5144
11.5141
11.5136
11.5142
11.5136
11.5144
11.5142
11.5144
11.5135
11.5142
11.5144
11.5135
11.5144
11.5144
11.5144
11.5143
11.5144
11.5151
11.515
11.5143
11.5142
11.5144
11.515
11.5143
11.5142
11.5143
11.5158
11.5135
11.5135
11.5136
11.5142
11.5136
11.5143
11.5135
11.515
11.5135
11.5144
11.515
11.5144
11.5151
11.5143
11.5142
11.5136
11.515
11.5135
11.5142
11.515
11.515
11.5142
11.5142
11.5135
11.5143
11.5141
11.5144
11.5142
11.5144
11.5151
11.5135
11.5142
11.5142
11.5136
11.515
11.5136
11.5142
11.5143
11.5144
