0
0
0
0
0
0.15869
0.15869
0.128293
0.101031
0.0434579
0.00648548
0.001349
0.00115499
0.00058629
0.00168629
0.00058629
0.00111759
0.001349
0.001349
0.000249005
0.00058629
0.00111759
0.000249005
0.000817706
0.00058629
0.00058629
0.001349
0.00115499
0.000249005
0.000249005
0.000249005
0.00115499
0.000817706
0.00115499
0.00111759
0.00168629
0.000817706
0.001349
0.001349
0.000817706
0.00058629
0.00115499
0.00058629
0.00058629
0.00058629
0.00058629
0.001349
0.000817706
0.00058629
0.00115499
0.00111759
0.00058629
0.00115499
0.00111759
0.00111759
0.00168629
0.00115499
0.00115499
0.00058629
0.00168629
0.00115499
0.00111759
0.000817706
0.000249005
0.001349
0.00058629
0.00168629
0.000817706
0.00168629
0.00058629
0.000817706
0.00168629
0.001349
0.00111759
0.00168629
0.00058629
0.000780303
0.00058629
0.000817706
0.00058629
0.000249005
0.001349
0.00111759
0.00168629
0.000249005
0.000817706
0.000817706
0.000817706
0.001349
0.000780303
0.000780303
0.00168629
0.000780303
0.001349
0.00111759
0.00111759
0.000817706
0.00168629
0.00115499
0.00058629
