0
2.30678
2.19911
2.18442
2.18442
2.18442
2.1849
2.10889
1.86513
1.60316
1.28906
5.93329
5.55299
5.39073
5.29364
4.90354
4.57534
4.17324
3.88077
3.53872
3.09481
2.34649
1.89898
1.50647
1.29707
1.06404
0.872282
0.645817
0.544801
0.452837
0.330959
0.228158
0.170056
0.0635404
0.0235865
0.00446542
0.00176859
0.00190668
0.00218858
0.00242537
0.00224478
0.00079978
0.0014009
0.00239577
0.00116748
0.0021826
0.00255029
0.00278969
0.00227437
0.00179818
0.0025078
0.00216251
0.00255029
0.00166375
0.00240528
0.00278969
0.00187709
0.00208008
0.00287549
0.00194917
0.00205767
0.00205767
0.00116748
0.00239577
0.00278969
0.0023993
0.00253021
0.00189717
0.00079978
0.00179466
0.00216251
0.00218858
0.00143049
0.00194917
0.00118756
0.00155189
0.00103657
0.00190668
0.00239577
0.00278969
0.00189717
0.00174618
0.00227437
0.0021826
0.00174618
0.00226487
0.00255029
0.000950771
0.00179818
0.00176859
0.00253021
0.0014009
0.00227437
0.0021826
0.00211388
0.00116748
0.00192909
0.00224478
0.00166375
0.00218858
