0
5.94907
11.773
10.9477
10.2285
9.3473
8.67375
7.70136
7.05096
6.06742
5.52818
4.81976
4.72605
4.38764
4.1703
3.78297
3.46788
3.14576
2.83056
2.44288
2.11005
1.82964
1.49348
1.33846
1.26402
1.12133
0.922735
0.746003
0.690156
0.584989
0.536823
0.363016
0.288789
0.222511
0.193462
0.164748
0.166531
0.117474
0.0758354
0.0231063
0.00811598
0.00212426
0.00136257
0.00264415
0.00225992
0.00298645
0.00178584
0.00145927
0.000519063
0.00144446
0.00110216
0.00077947
0.00241179
0.00262934
0.0024898
0.00218191
0.00236894
0.0027502
0.00236894
0.00110216
0.00253902
0.00356955
0.00296776
0.000966497
0.00193723
0.00296776
0.00230277
0.00250849
0.00204236
0.0024898
0.00178584
0.00230277
0.00204625
0.00903323
0.00198172
0.00176416
0.00152238
0.00191845
0.00224213
0.00137994
0.00174547
0.00177601
0.00155845
0.00155845
0.00137994
0.00188791
0.00252023
0.00189982
0.00224213
0.00129804
0.00200588
0.00152238
0.00211738
0.00171958
0.000975351
0.0024897
0.00216023
0.00202457
0.00167673
0.000932502
