6.71894e-05
6.71894e-05
6.71894e-05
0.00059823
0.00059823
6.71894e-05
0.00059823
6.71894e-05
0.00059823
6.71894e-05
6.71894e-05
6.71894e-05
0.00059823
6.71894e-05
6.71894e-05
6.71894e-05
6.71894e-05
6.71894e-05
0.00059823
6.71894e-05
6.71894e-05
6.71894e-05
6.71894e-05
6.71894e-05
0.00059823
0.00059823
0.00059823
6.71894e-05
6.71894e-05
6.71894e-05
6.71894e-05
0.00059823
0.00059823
7.94894
7.94841
7.94841
7.76587
6.88252
6.05197
5.89236
5.12633
4.69231
4.0116
3.62877
3.26513
2.81068
2.19166
0
0
2.05849
0
0
2.04072
2.04072
2.04019
0
0
0
6.89892
6.64426
6.60398
6.56637
6.45747
6.05322
5.98686
5.35767
5.33597
5.33495
4.34151
3.93757
3.53916
3.29491
3.29491
3.06922
2.84309
2.51667
2.51614
2.31829
2.04358
1.78661
1.54855
1.4735
1.19473
1.06806
1.0669
0.89335
0.892325
0.645993
0.450544
0.451706
0.388392
0.310115
0.288632
0.236011
0.195429
0.190103
0.187257
0.186726
0.188419
0.186674
