12.3085
12.2946
12.1414
11.6012
11.115
10.6004
10.1822
9.67143
9.14961
8.90877
8.22027
7.61075
7.05662
6.06842
5.22051
4.45677
4.04451
7.00053
6.40959
6.26758
5.74336
5.3704
5.07262
4.89659
4.49329
4.34729
4.21019
4.01869
3.84846
3.74515
3.60579
3.56316
3.48383
3.38353
3.28059
3.24112
3.1862
3.16959
3.16762
3.16753
3.16862
3.1675
3.16852
3.16766
3.16762
3.16912
3.16812
3.16863
3.16915
3.168
3.167
3.16796
3.16849
3.16863
3.16766
3.16912
3.167
3.16915
3.16697
3.16863
3.16899
3.16859
3.16915
3.16749
3.16852
3.16816
3.16749
3.16753
3.16859
3.16899
3.16749
3.16759
3.16753
3.16859
3.16747
3.16862
3.16766
3.16747
3.16703
3.16852
3.16816
3.16846
3.16812
3.16846
3.16703
3.16852
3.16802
3.16816
3.16766
3.16846
3.16712
3.16849
3.16899
3.16762
3.16799
3.167
3.16865
3.16962
3.16899
3.16899
