0
0
0
0
0
0
12.9525
11.2012
9.51393
10.6364
9.85106
9.00644
7.8957
6.88545
6.09948
5.26966
4.85428
4.30353
3.63187
3.13925
2.67978
2.44381
2.08633
1.86816
1.60748
1.2199
1.01428
0.884837
0.825672
0.768264
0.606347
0.509069
0.418733
0.267158
0.233758
0.204843
0.105622
0.0774235
0.061987
0.0643726
0.0670913
0.0617888
0.0557442
0.0667113
0.0604313
0.0698321
0.0551332
0.0545564
0.0541101
0.0541101
0.054303
0.0537261
0.0547493
0.0532798
0.0532798
0.0532798
0.0555795
0.0545564
0.0541101
0.0545564
0.0545564
0.0545564
0.0547493
0.0537261
0.0541101
0.0551332
0.0537261
0.0537261
0.0555795
0.0537261
0.0531899
4.40375
4.40522
4.40522
4.40478
4.26776
3.87552
3.7489
3.62523
3.14859
2.81306
2.39634
2.10503
1.74785
1.4248
1.20536
0.82401
0.714261
0.563748
0.476224
0.358287
0.289219
0.205134
0.203727
0.20475
0.157398
0.137818
0.138011
0.0917466
0.0714627
