8.77429
8.34464
7.5786
6.9049
6.48512
6.08835
5.82575
5.08318
4.42502
4.10352
4.10437
3.74052
3.01513
2.63572
2.09097
1.6023
1.2946
0.906323
0.701054
0.471049
0.327781
0.280513
0.194807
0.115215
0.0979039
0.0823573
0.0687567
0.0568292
0.0255797
0.0230244
0.0228363
0.0229334
0.0233847
0.0151809
0.0151809
0.00806429
0.00796781
0.00882465
0.00742005
0.00827688
0.00818585
0.00806429
0.00870368
0.00883009
0.00883009
0.00882465
0.00892171
0.00818585
0.00956051
0.00809422
0.00901275
0.00827688
0.00310922
0.00384508
0.00265248
0.00279642
0.00196952
0.00139182
0.00248794
0.00194017
0.00111269
0.00120431
0.00271415
0.00228735
0.00257898
0.00271415
0.00514435
0.00271415
0.00133948
0.00120431
0.00248794
0.00133948
0.00175208
0.00111269
0.00262311
0.00347995
0.00120372
0.00155693
0.00279701
0.00164796
0.00143596
0.0021047
0.00238383
0.00194017
0.00279701
0.000655956
0.00269995
0.00129535
0.000791128
0.00228735
0.00215762
0.00130078
0.00155693
0.00224866
0.00151279
0.0029316
0.00056492
0.00257898
0.000655956
0.00184855
