0
0
0
0
0
0
0
0
0
0
0
0
0
0
0
0
0
0
0
0
0
0
0
0
0
0
0
0
0
0
0
0
0
0
0
0
0
0
0.267612
0.23489
0.125332
0.0499043
0.00860496
2.71317e-05
0.000753414
2.71317e-05
0.000753414
0.000753414
2.71317e-05
2.71317e-05
0.000753414
2.71317e-05
0.000753414
2.71317e-05
2.71317e-05
0.000753414
0.000753414
0.000753414
0.000753414
0.000753414
2.71317e-05
0.000753414
2.71317e-05
0.000753414
0.000753414
0.000753414
0.000753414
0.000753414
0.000753414
2.71317e-05
2.71317e-05
0.000753414
0.000753414
2.71317e-05
0.000753414
2.71317e-05
2.71317e-05
0.000753414
0.000753414
0.000753414
2.71317e-05
2.71317e-05
0.000753414
0.000753414
0.000753414
2.71317e-05
0.000753414
0.000753414
0.000753414
0.000753414
2.71317e-05
2.71317e-05
2.71317e-05
2.71317e-05
0.000753414
0.000753414
2.71317e-05
2.71317e-05
2.71317e-05
0.000753414
