12.113
12.0889
11.935
11.8733
11.8074
11.701
11.3345
11.1464
10.7778
9.29359
7.59962
6.40116
5.74293
4.99308
4.43226
3.24613
2.24642
1.37276
0.82834
0.381343
7.72985
7.57688
7.54763
7.53347
7.54574
7.54574
7.5447
7.54574
7.5447
7.54574
7.54574
7.5447
7.54574
7.5447
7.54574
7.5447
7.54574
7.5447
7.54574
7.54574
7.5447
7.5447
7.5447
7.4919
7.34628
7.26088
7.25984
7.18297
7.11253
7.02544
6.93773
6.90561
6.87599
6.86385
6.86489
6.86489
6.86385
6.86489
6.86447
6.86385
6.86489
6.86489
6.86343
6.86489
6.86385
6.86447
6.86343
6.86385
6.86385
6.86385
6.86489
6.86489
6.86385
6.86489
6.86385
6.86447
6.86447
6.86447
6.86489
6.86385
6.86447
6.86447
6.86489
6.86385
6.86343
6.86343
6.86447
6.86385
6.86385
6.86447
6.86447
6.86489
6.86489
6.86343
6.86447
6.86385
6.86447
8.63084
8.54488
8.38162
