0.0194217
0.0194217
0.00548251
0.000572768
0.000572768
7.61473e-05
0.000572768
7.61473e-05
0.000572768
7.61473e-05
1.14767
1.14767
1.012
3.86281
3.10133
2.33662
1.84058
1.38903
1.22886
1.00402
0.746686
0.537558
0.363199
0.254822
0.165786
0.0591518
0.00711607
0.0014665
5.39425
4.31329
3.35038
2.69925
2.25515
1.59206
1.26522
1.00592
0.667578
0.458626
0.264624
0.102297
0.0375347
0.0368903
0.0360831
0.0367275
0.0374095
0.0372241
0.0367049
0.0373493
0.0367652
0.0380313
0.0367652
0.0372241
0.0374095
0.0372241
0.0374095
0.0368526
0.0367275
0.0375347
0.0374095
0.0374095
0.0362083
0.0375347
0.0379061
0.0368903
0.0360831
0.0372618
0.0368903
0.0360831
0.0373493
0.0368903
0.0367275
0.0380313
0.0373869
0.0367652
0.0367275
0.0379061
0.0374095
0.0374095
0.0367652
0.0367652
0.0368526
0.0367049
0.0375347
0.0379061
0.0368526
0.0367275
0.0374095
0.0360831
0.0362083
0.0362083
0.0367652
0.0372618
0.0374095
0.0380313
0.0367049
0.0373493
0.0362083
0.0380313
0.0368526
0.0375347
