0
0
0
0
0
0
0
0
0
0
0
1.16267
1.16267
1.16267
1.16364
1.16364
1.16364
1.16364
1.16364
1.16267
1.16267
1.00607
0.911639
0.785931
0.747312
0.678386
0.647112
0.50139
0.384848
0.318714
6.47439
6.40471
6.37529
6.37529
6.32285
6.10134
5.6129
4.99897
4.96928
4.67218
4.67295
4.67283
4.67315
4.3965
4.126
3.86357
3.48903
3.25077
3.01866
2.79463
2.6889
2.58293
2.27683
2.17959
1.9911
1.72448
1.55623
1.47662
1.32245
1.10766
0.972238
0.848375
0.848694
0.731746
0.626679
0.576152
0.52679
0.394598
0.354853
0.28043
0.248049
0.159346
0.0926549
0.00683658
0.000106236
0.00152313
0.00107336
0.00107336
0.00216269
0.00172137
0.00312981
0.0024818
0.00236093
0.00184224
0.00236093
0.00249025
0.00172137
0.000745793
0.000875116
0.00107336
0.00107336
0.000875116
0.000106236
0.000754252
0.00172137
0.00151467
0.00151467
0.00171292
0.00236093
0.000875116
