0
0
0
0
0
0
0
0
0
0
0
0
0
0
0
0
0
0
0
0
0
0
0
0
0
0
0
0
0
0
0
0.211817
0.0882505
0.00471426
0.000853785
1.16034e-05
1.16034e-05
1.16034e-05
1.16034e-05
1.16034e-05
1.16034e-05
1.16034e-05
1.16034e-05
0.000853785
0.000853785
1.16034e-05
0.000853785
0.000853785
1.16034e-05
0.000853785
0.000853785
1.16034e-05
0.000853785
1.16034e-05
0.000853785
1.16034e-05
1.16034e-05
1.16034e-05
0.000853785
0.000853785
1.16034e-05
1.16034e-05
0.000853785
0.000853785
0.000853785
1.16034e-05
0.000853785
1.16034e-05
1.16034e-05
1.16034e-05
1.16034e-05
1.16034e-05
1.16034e-05
1.16034e-05
1.16034e-05
1.16034e-05
1.16034e-05
0.000853785
0.000853785
0.000853785
1.16034e-05
1.16034e-05
1.16034e-05
0.000853785
0.211241
0.155589
2.80925
2.76821
2.65581
2.46319
7.09466
6.36706
5.73863
4.79366
4.39204
3.72605
3.29761
2.39
1.962
1.45724
