0
0
0
0
0
9.54575
9.54575
9.54575
9.46024
9.45362
9.45362
9.30879
8.76613
8.14058
7.78938
7.56652
7.04758
6.59716
6.14642
7.08997
6.71803
6.52756
6.51903
6.2516
6.01927
5.91443
5.73211
5.65341
5.39977
5.20742
5.06196
4.89545
4.69295
4.50062
4.42772
4.40856
4.40762
4.4069
4.40748
4.40687
4.40748
4.40545
4.40639
4.40762
4.40758
4.4069
4.40758
4.40561
4.40593
4.40655
4.40571
4.40633
4.40748
4.40758
4.40567
4.40676
4.40567
4.40535
4.4069
4.40593
4.40545
4.40758
4.40567
4.40668
4.40633
4.40654
4.40571
4.40687
4.40561
4.40661
4.40639
4.40629
4.40758
4.40655
4.40748
4.4068
4.40593
4.40676
4.40639
4.40661
4.40654
4.40557
4.40886
4.40886
4.40665
4.4068
4.40651
4.40633
4.40583
4.40545
4.40651
4.40676
4.40748
4.40593
4.40633
4.40545
4.40668
4.40762
4.40737
4.40748
