13.5872
13.4885
13.3399
12.778
11.7926
10.8843
10.0048
8.61269
7.5738
6.74589
5.6496
4.86209
4.07661
3.51373
3.06042
2.46623
1.97309
1.51706
1.18699
0.987005
0.92733
0.751082
0.58643
0.491491
0.486478
0.361676
0.288456
0.224738
0.142617
0.0749071
0.0439274
0.0134349
0.0120288
0.0023118
0.00242997
0.00172934
0.00281163
0.00114586
0.00181275
0.00295425
0.00128989
0.00168911
0.00188813
0.00291401
0.00281022
0.00242997
0.00221339
0.00114586
0.00181275
0.002356
0.00184649
0.00118751
0.00178575
0.0017441
0.0017441
0.00118609
0.00287237
0.00269602
0.00283863
0.00178575
0.00281163
0.00287237
0.002411
0.000663229
0.00283863
0.00178575
0.00130171
0.00285186
0.00281163
0.00226838
0.00232759
0.000765613
0.00283863
0.00281163
0.0029126
0.002411
0.000703464
0.00124824
0.002356
0.00238974
0.00276998
0.00281163
0.00126147
0.002411
0.00128848
0.0017441
0.002356
0.00221339
0.0017441
0.00273625
0.00130171
0.00136385
0.00118751
0.00339664
0.00128989
0.00114586
0.00343688
0.0017441
0.0027984
0.00178434
