21.2069
20.6614
20.3261
19.4279
18.4158
17.5281
16.68
16.13
15.6484
14.4644
13.9634
13.3036
12.1519
11.7022
10.7257
10.1541
9.61521
9.04257
8.64144
8.31665
7.95201
7.78921
7.54392
7.02745
6.58755
5.49013
4.44593
3.97819
3.46012
3.10441
2.45241
2.15511
1.96801
1.53742
1.2302
0.894893
0.666126
0.513942
0.385272
0.345337
0.344148
0.208479
0.113076
0.108768
0.123678
0.137737
0.113949
0.107858
0.0926609
0.096257
0.102356
0.0923289
0.0598626
0.103666
0.0658317
0.111203
0.132775
0.124064
0.106594
0.104796
0.131801
0.12974
0.112687
0.141722
0.0970657
0.115207
0.0993738
0.118191
0.131769
0.124229
0.129603
0.135082
0.127827
0.104292
0.0969004
0.0988911
0.110526
0.124018
0.095041
0.107622
0.113432
0.105182
0.0803946
0.0729159
0.0953409
0.0878942
0.106763
0.0847938
0.0851973
0.0790143
0.0839718
0.121349
0.0810288
0.0929774
0.118007
0.0957281
0.100865
0.130117
0.112793
0.110204
