17.9901
17.7555
17.5164
17.3057
16.5724
15.7345
15.005
14.0117
13.2313
12.7326
12.1846
11.1196
20.2628
10.6805
10.6801
9.83181
9.09757
8.08694
6.92608
6.35929
5.63077
5.00526
4.35557
3.65653
3.21437
2.5699
2.06468
1.57456
1.20737
0.793074
0.586944
0.281372
0.235289
0.121308
0.0163781
0.00335359
0.00106196
0.0010417
0.00165306
0.0026044
0.00160028
0.00120198
0.00152328
0.0025227
0.0020133
0.00164282
0.00145024
0.00302296
0.00214308
0.00211416
0.00120198
0.00302296
0.00152328
0.00251246
0.00202354
0.00215332
0.00204112
0.00191134
0.00120198
0.000600859
0.0019505
0.00204112
0.0024116
0.00205136
0.00119174
0.00119174
0.00307574
0.00307574
0.00146026
0.00214308
0.0024116
0.00287292
0.00105194
0.0034638
0.00106196
0.00165306
0.00211416
0.00144
0.00120198
0.00144
0.00302296
0.00255162
0.00159004
0.00145024
0.00194026
0.00261442
0.00191134
0.000988919
0.00191134
0.0020133
0.00151304
0.0030655
0.0014705
0.00242184
0.0010417
0.000590619
0.00262466
0.00191134
0.00165306
0.000988919
