6.77316
5.93185
5.16715
4.70005
4.0408
3.47659
2.84347
2.51835
1.87244
1.50285
1.20885
0.999979
0.936011
0.786312
0.633819
0.431986
0.344931
0.24954
0.188541
0.100359
0.0566648
0.0191412
0.00484379
0.00318226
0.00294779
0.00342985
0.00294779
0.00182434
0.00187407
0.00263721
0.00177824
0.00221487
0.00270056
0.00208882
0.00182797
0.00282661
0.00300751
0.00382038
0.00216877
0.00304136
0.00216877
0.00282661
0.00270056
0.00304136
0.00246993
0.00289807
0.000603575
0.00289807
0.00342985
0.00117501
0.00308746
0.00304136
0.00190792
0.00265083
0.00277688
0.00208882
0.00182434
0.00159735
0.00274666
0.00238998
0.00312869
0.00216877
0.00274666
0.000784473
0.00312869
0.000914154
0.00277688
0.00221487
0.00277688
0.00382038
0.00178674
0.000784473
0.00109505
0.00182434
0.00320864
0.000864427
0.00282661
0.00277688
0.00208882
0.00255726
0.00151739
0.00312869
0.00170679
0.00187407
0.00178674
0.000603575
0.00195402
0.00195402
0.00170679
0.00320864
0.000523622
0.00151739
0.00173701
0.0019043
0.00251603
0.000864427
0.0008342
0.00274666
0.00273078
0.00320864
