20.9969
20.8639
20.655
20.3006
20.1492
19.888
19.6028
19.2829
18.8989
18.5512
18.3798
17.9801
17.0197
16.7403
16.5894
16.0047
15.4938
14.8615
13.8692
13.1758
11.8103
11.3415
10.5121
9.66607
9.42479
8.10043
7.32799
6.58558
5.60029
4.93941
4.68741
4.48898
4.45671
3.90575
3.39484
3.0415
3.04423
2.93008
2.71213
2.29855
2.01168
1.83312
1.41829
1.2693
1.19608
1.19619
1.0589
0.926935
0.807737
0.749319
0.64088
0.495598
0.365925
0.366729
0.367533
0.258098
0.193798
0.197144
0.196579
0.0977203
0.0472848
0.0148906
0.00202648
0.00302683
0.00472702
0.00306926
0.00214255
0.00364249
0.00298876
0.00298876
0.00195409
0.0028808
0.00468493
0.00218498
0.00195442
0.0028306
0.0028003
0.00387305
0.0011924
0.0011422
0.00202682
0.00199618
0.00199618
0.00222305
0.00388114
0.000338419
0.00364249
0.0028306
0.00388081
0.00387305
0.00202682
0.000338419
0.00223484
0.00472702
0.00207668
0.000338419
0.00218465
0.00392324
0.00275821
0.00299686
