18.7096
18.4532
18.3071
17.8739
17.7741
17.5329
17.2639
16.7509
15.9409
15.5593
14.7707
13.8422
12.7964
12.0779
11.441
10.8299
10.5342
9.89649
9.50239
9.20904
8.58903
8.23453
7.64383
7.28812
6.92807
6.488
6.07693
5.62272
5.49644
5.31432
5.0985
5.03494
4.52443
4.31666
4.1118
3.93366
3.71369
3.61041
3.55435
3.47582
3.45431
3.44751
3.44093
3.44055
3.43946
3.44015
3.43984
3.43952
3.43969
3.43969
3.43843
3.44015
3.4384
3.43992
3.43843
3.43881
3.43843
3.43886
3.43984
3.43903
3.4403
3.43802
3.43848
3.43903
3.44009
3.4384
3.43952
3.43906
3.43906
3.43865
3.43802
3.43906
3.43911
3.44055
3.4403
3.43848
3.43952
3.44009
3.43802
3.4399
3.44047
3.43949
3.43906
3.43952
3.4399
3.44009
3.44093
3.43992
3.43848
3.43952
3.43969
3.44015
3.43946
3.4403
3.43848
3.43843
3.43946
3.44053
3.43969
3.43886
