20.0412
19.0967
18.0921
16.6741
15.5639
13.7415
12.4556
11.5066
10.3843
8.90432
7.37728
6.43898
5.26593
4.40977
3.74694
2.95816
2.19376
1.91074
1.3382
1.03996
0.866233
0.617737
0.378566
0.204992
0.105342
0.0376755
0.0166883
0.00547785
0.0027516
0.00264547
0.00161218
0.00258319
0.0019399
0.00149911
0.0023616
0.00339489
0.0023616
0.00230061
0.00112948
0.00306023
0.0018789
0.00258884
0.00300489
0.00306023
0.00113514
0.00269626
0.0026906
0.00264418
0.0026906
0.00340054
0.00113514
0.000739487
0.00231081
0.00112948
0.00121653
0.00194684
0.00185854
0.00119048
0.00149911
0.00112948
0.00300489
0.00200218
0.00230061
0.00258319
0.0019399
0.00300489
0.00264418
0.00270646
0.0026906
0.00219319
0.00339489
0.000794828
0.00306023
0.00235595
0.00235595
0.0019399
0.0018789
0.00185854
0.00149911
0.00339489
0.00265112
0.00264547
0.000800481
0.00306589
0.00154425
0.00188456
0.00345588
0.00160653
0.00115425
0.00308625
0.00258884
0.00150476
0.00194118
0.000739487
0.00224853
0.00265112
0.0019399
0.00233683
0.00112948
0.00345588
