16.1283
15.9373
15.5073
14.2441
12.5947
11.4116
10.2943
9.08462
8.13237
6.96315
6.00769
4.51591
3.32888
2.58708
1.93695
1.34498
0.931727
0.439124
0.162598
0.077271
0.023277
0.00178873
0.00173192
0.00169125
0.00173192
0.0010476
0.00279924
0.00234072
0.00109859
0.00178873
0.00228139
0.000549111
0.00179124
0.00473022
0.00334941
0.00178873
0.00544147
0.00173192
0.00175127
0.00114177
0.00113926
0.00228139
0.00174806
0.00178873
0.000589087
0.0021666
0.00279993
0.0016571
0.000589087
0.00218974
0.00173123
0.00523683
0.00846203
0.00184013
0.0019343
0.00268308
0.00138161
0.00209502
0.00193178
0.00133076
0.00222456
0.0012121
0.0019343
0.00268056
0.00239281
0.00108047
0.0019343
0.00252444
0.00180476
0.00281471
0.00134164
0.00302293
0.00193178
0.00302293
0.00197427
0.00180015
0.00197427
0.0026431
0.00180015
0.00196339
0.00167061
0.00112044
0.00323325
0.00281471
0.00218207
0.00255354
0.00138161
0.00243279
0.00205505
0.00209502
0.00192342
0.00205044
0.00196088
0.00209042
0.00180476
0.00277473
0.00163191
0.00180476
0.00256442
0.00302293
