3.80511
3.79642
3.63493
3.34063
3.16243
3.18754
2.96534
2.81469
2.54766
2.04634
1.84097
1.52134
1.19916
0.919643
0.803224
0.651734
0.571726
0.387105
0.263592
0.215928
0.199892
0.173861
0.152535
0.180131
0.159327
0.12483
0.148791
0.146791
0.175946
0.151412
0.125392
0.144223
0.144242
0.111959
0.104969
0.128144
0.130526
0.105892
0.109423
0.100143
0.0988102
0.0909005
0.092906
0.10463
0.121661
0.145802
0.140006
0.1511
0.161334
0.176666
0.118666
0.129355
0.136305
0.192344
0.15575
0.167382
0.162244
0.184634
0.187337
0.180109
0.190529
0.214517
0.182911
0.185921
0.151271
0.142217
0.155801
0.175177
0.155526
0.173456
0.170742
0.166964
0.174095
0.191657
0.176876
0.151644
0.122806
0.127748
0.136681
0.156575
0.141892
0.114154
0.134848
0.113746
0.145058
0.153259
0.109782
0.141071
0.152271
0.179775
0.162788
0.161435
0.178617
0.194038
0.171649
0.188816
0.188791
0.174568
0.192118
0.154988
