12.792
11.5193
10.3017
9.32467
8.5486
8.00623
7.86154
7.7366
7.54701
7.25601
6.46978
5.65469
5.10787
4.26449
3.44745
2.94509
2.69942
2.38495
1.89298
1.56101
1.25612
0.957921
0.684445
0.496379
0.311436
0.218654
0.216478
0.143757
0.0947244
0.0541339
0.0557973
0.0666683
0.0538729
0.0568928
0.0631098
0.0386202
0.0953345
0.0600774
0.0559729
0.0699435
0.0755024
0.0841592
0.0750854
0.0652121
0.081925
0.0851605
0.0993185
0.10473
0.112688
0.130981
0.100511
0.104413
0.11333
0.0951798
0.122221
0.119435
0.0970165
0.103633
0.110074
0.091922
0.110168
0.103113
0.120539
0.127762
0.10994
0.137989
0.13055
0.100184
0.0931834
0.104375
0.0823694
0.109899
0.0860737
0.0924621
0.0778671
0.102075
0.11337
0.0746568
0.100942
0.0737999
0.0985942
0.0949034
0.0619075
0.107631
0.113475
0.119303
0.0973781
0.0878499
0.0761399
0.0652609
0.0741968
0.0561462
0.061405
0.0772576
0.0642832
0.0691805
0.090054
0.0919348
0.133477
0.137905
