6.44827
5.85323
5.28699
4.92549
4.40725
4.07776
3.45717
3.02533
2.49434
1.9026
1.68831
1.29811
1.12222
1.03907
0.808828
0.808828
0.671333
0.546637
0.383593
0.211002
0.143906
0.0672622
0.0481142
0.000374414
0.00042643
0.00042643
0.00042643
0.00042643
0.00042643
0.00042643
0.000374414
0.00042643
0.000374414
0.00042643
0.000374414
0.00042643
0.00042643
0.000374414
0.00042643
0.000374414
0.00042643
0.00042643
0.000374414
0.00042643
0.00042643
0.000374414
0.00042643
0.000374414
0.00042643
0.00042643
0.00042643
0.00042643
0.000374414
0.00042643
0.00042643
0.00042643
0.000374414
0.000374414
0.00042643
0.00042643
0.000374414
0.000374414
0.00042643
0.00042643
0.000374414
0.00042643
0.00042643
0.000374414
0.00042643
0.00042643
0.000374414
0.000374414
0.000374414
0.00042643
0.000374414
0.00042643
0.000374414
0.00042643
0.000374414
0.00042643
0.000374414
0.00042643
0.000374414
0.000374414
0.00042643
0.00042643
0.000374414
0.00042643
0.00042643
0.000374414
0.000374414
0.00042643
0.00042643
0.000374414
0.00042643
0.000374414
0.000374414
0.00042643
0.000374414
0.000374414
