0
0
0
0
0
0
0
0
0
13.5224
12.8826
12.2713
10.9281
10.0126
8.98669
7.70252
6.95175
5.84281
4.59959
3.70005
3.15307
2.50071
1.88752
1.31351
1.09642
0.89177
0.87157
0.728354
0.329341
0.14003
0.0461501
0.000430815
0.000430815
0.000430815
0.000430815
0.000768655
0.000768655
0.000768655
0.000950701
0.000950701
0.000430815
0.000768655
0.000768655
0.000950701
0.00128854
0.00128854
0.000430815
0.000430815
0.000950701
0.000430815
0.000768655
0.00128854
0.000768655
0.000430815
0.000950701
0.00128854
0.000768655
0.000768655
0.000430815
0.00128854
0.00128854
0.000950701
0.00128854
0.000950701
0.000950701
0.000430815
0.000768655
0.00128854
0.000768655
0.000768655
0.000430815
0.00128854
0.000768655
0.000430815
0.000950701
0.00128854
0.00128854
0.000768655
0.00128854
0.000768655
0.000430815
0.000430815
0.000430815
0.000430815
0.000430815
0.000950701
0.000950701
0.00128854
0.00128854
0.000768655
0.000430815
0.000430815
0.000430815
0.00128854
0.00128854
0.000950701
0.00128854
0.00128854
0.00128854
0.000768655
