0
0
0
0
0
0
0
0
0
0
0
0
0
0
0
0
0
0
0
0
0
0
0
0
0
0
0
0
0
0
0
0
0
0
0
0
0
0
0
0
0
0
0.696071
0.696071
0.569142
0.353562
0.264918
0.189041
0.0991684
0.0552188
0.0240436
0.00123652
0.00123652
2.30648e-05
2.30648e-05
2.30648e-05
0.00123652
2.30648e-05
2.30648e-05
2.30648e-05
0.485973
0.484759
0.38005
0.208832
0.175196
0.113829
0.0328902
0.00966913
0.00171033
0.00171033
0.000355272
0.00171033
0.00171033
0.000496875
0.00171033
0.00156873
0.000355272
0.00156873
0.00156873
0.000496875
0.00171033
0.000355272
0.000355272
0.00171033
0.000496875
0.00171033
0.00156873
0.000496875
0.000496875
0.00156873
0.000355272
0.00171033
0.000496875
0.00171033
0.00156873
0.00171033
0.00171033
0.00156873
0.000355272
0.000496875
