0
0.519142
0.519142
0.270936
0.129971
0.0402065
0.014524
0.00155901
0.00155901
2.65899e-07
0.00155901
0.00155901
2.65899e-07
2.65899e-07
2.65899e-07
0.00155901
2.65899e-07
2.65899e-07
0.00155901
0.00155901
0.00155901
2.65899e-07
6.81982
6.41212
5.63497
5.08404
4.73528
4.23372
3.17491
2.58494
2.18654
1.74068
1.34446
0.998558
0.704703
0.518759
0.360747
0.270542
0.0801269
0.0165814
0.000945703
0.00243983
0.00243983
0.00250445
0.00314077
0.00158202
8.78926e-05
8.78926e-05
0.00250445
0.000945703
0.00158202
0.00158202
0.00164664
0.00158202
0.00243983
0.00250445
0.00314077
0.000945703
0.00164664
0.00243983
0.00158202
8.78926e-05
8.78926e-05
8.78926e-05
0.00243983
8.78926e-05
0.00243983
8.78926e-05
8.78926e-05
8.78926e-05
0.00243983
0.00164664
0.00243983
8.78926e-05
0.000945703
0.00158202
0.00399858
0.00158202
0.00399858
0.00243983
8.78926e-05
0.000945703
0.00164664
0.00164664
8.78926e-05
0.00243983
0.000945703
0.00399858
0.000945703
0.00243983
0.00164664
0.00250445
0.000945703
0.00314077
8.78926e-05
0.00243983
0.00158202
0.00314077
0.00158202
8.78926e-05
