0
0
0
0
0
0
0
0
0
0
0
0
0
0
0
0
0
0
0
0
0
0
0
0
0
0
0
0
0
0
0
0
0
0
0
0
0
0
0
0
0
0
0
0
0
0.46313
0.410321
0.31429
0.160584
0.102906
0.0580094
0.00151395
1.1113e-06
1.1113e-06
1.1113e-06
1.1113e-06
0.00151395
1.1113e-06
0.00151395
0.00151395
1.1113e-06
1.1113e-06
1.1113e-06
1.1113e-06
1.1113e-06
1.1113e-06
1.1113e-06
0.00151395
1.1113e-06
0.00151395
1.1113e-06
1.1113e-06
0.00151395
0.00151395
1.1113e-06
1.1113e-06
1.1113e-06
0.00151395
1.1113e-06
1.1113e-06
0.00151395
0.00151395
1.1113e-06
0.00151395
0.487095
0.24794
0.0490184
0.000324102
0.000324102
0.000324102
0.00183694
0.00199903
0.00183694
0.00199903
0.000324102
0.000324102
0.00183694
0.00199903
0.00048619
0.00199903
