0
0
0
0
0
0
0
0
0
0.272463
0.195427
0.0409514
6.9597e-06
0.00139156
6.9597e-06
0.00139156
6.9597e-06
6.9597e-06
0.00139156
0.131192
0.132577
0.0408912
0.00139642
0.00282006
0.00282006
0.00139642
1.18149e-05
0.00282006
0.00139642
0.00143546
0.00282006
1.18149e-05
0.00282006
1.18149e-05
1.18149e-05
1.18149e-05
0.00139642
0.00282006
0.00282006
0.00139642
1.18149e-05
0.00282006
1.18149e-05
0.00282006
1.18149e-05
0.00282006
0.00282006
1.18149e-05
0.00139642
0.00143546
0.00143546
0.00139642
0.00282006
0.00282006
0.00139642
0.00282006
0.00139642
0.00139642
0.00282006
1.18149e-05
0.00139642
0.00143546
0.00282006
1.18149e-05
0.00143546
1.18149e-05
0.00282006
0.00139642
0.00282006
0.00282006
0.00143546
1.18149e-05
0.00282006
1.18149e-05
0.00143546
1.18149e-05
0.00139642
0.00143546
0.00282006
1.18149e-05
0.00139642
1.18149e-05
0.00282006
0.00139642
0.00143546
0.00143546
0.00139642
0.00139642
0.00143546
1.18149e-05
0.00143546
0.00282006
1.18149e-05
1.18149e-05
0.00282006
0.00139642
0.00282006
0.00282006
1.18149e-05
0.00282006
