0.436175
0.292206
0.176984
0.0488122
0.000449468
0.000449468
0.000351292
0.000351292
0.000351292
0.000449468
0.000351292
0.000449468
0.000351292
0.000449468
0.000351292
0.000351292
0.000351292
0.000449468
0.000351292
0.000449468
0.000351292
0.000449468
0.000351292
0.000351292
0.000449468
0.000351292
0.000351292
0.000351292
0.000449468
0.000351292
0.000351292
0.000449468
0.000351292
0.000449468
0.000351292
0.000449468
0.000351292
0.000449468
0.000351292
0.000449468
0.000351292
0.000351292
0.000449468
0.000449468
0.000351292
0.000449468
0.000449468
0.000449468
0.000351292
0.000351292
0.000351292
0.000351292
0.000351292
0.000449468
0.000449468
0.000351292
0.000351292
0.000449468
0.000449468
0.000449468
0.000351292
0.000449468
0.000351292
0.000351292
0.000449468
0.000449468
0.000351292
0.000449468
0.000449468
0.000351292
0.000351292
0.000351292
0.000351292
0.000449468
0.000351292
0.000449468
0.000449468
0.000351292
0.000351292
0.000449468
0.000449468
0.000449468
0.000449468
0.000449468
0.000351292
0.000449468
0.000449468
0.000449468
0.000449468
0.000449468
0.000449468
0.000351292
0.000449468
0.000351292
0.000351292
0.000449468
0.000449468
0.000351292
0.000351292
0.000449468
