8.34234
7.99253
7.02333
5.93408
5.13713
4.28211
3.07298
2.30948
1.48631
1.50699
1.31386
1.06955
0.823124
0.585383
20.131
0.268992
0.16295
0.0969854
0.0927048
0.0932771
0.0927685
0.0927685
0.0932771
0.0932771
0.0927685
0.0927048
0.0921962
0.0927685
0.0927685
0.0921962
0.0921962
0.0921962
0.0927685
0.0921962
0.0927048
0.0921962
0.0927048
0.0932771
0.0921962
0.0927685
0.0921962
0.0927048
0.0932771
0.0932771
0.0932771
0.0927685
0.0927048
0.0927685
0.0921962
0.0932771
0.0932771
0.0927048
0.0927048
0.0927685
0.0921962
0.0921962
0.0932771
0.0927048
0.0927685
0.0927048
0.0932771
0.0921962
0.0921962
0.0927048
0.0932771
0.0927048
0.0932771
0.0927685
0.0927048
0.0932771
0.0932771
0.0932771
0.0927685
0.0927048
0.0921962
0.0921962
0.0932771
0.0932771
0.0927685
0.0927685
0.0927685
0.0927685
0.0927685
0.0927048
0.0927685
0.0927685
0.0927685
0.0921962
0.0921962
0.0927048
0.0932771
0.0932771
0.0932771
0.0927685
0.0932771
0.0921962
0.0927048
0.0927048
0.0932771
0.0932771
