3.08163 4
2.88282 4
2.60049 4
2.25375 4
1.8681 4
1.58366 4
1.45591 4
1.17999 4
0.980091 4
0.641446 4
0.292851 4
0.118336 4
0.13213 4
0.120497 4
0.117521 4
0.118009 4
0.117389 4
0.11804 4
0.118529 4
0.11804 4
0.0956642 4
0.0961526 4
0.116869 4
0.118009 4
0.117877 4
0.0961526 4
0.0996152 4
0.11804 4
0.117358 4
0.0968355 4
0.100104 4
0.0963159 4
0.0968043 4
0.0968043 4
0.0973239 4
0.0782445 4
0.0968043 4
0.117358 4
0.0956642 4
0.118009 4
0.117358 4
0.118009 4
0.0968355 4
0.116869 4
0.118529 4
0.0956642 4
0.117521 4
0.0966722 4
5.19258 5
5.1898 5
5.16971 5
5.17072 5
5.18928 5
5.21 5
5.18863 5
5.1898 5
5.18928 5
5.18879 5
5.19258 5
5.18931 5
5.19258 5
5.17023 5
5.19258 5
5.18879 5
5.18928 5
5.21 5
5.18931 5
5.18928 5
5.21035 5
5.18866 5
5.21052 5
5.18931 5
5.1735 5
5.17023 5
5.16971 5
5.21101 5
5.20987 5
5.18928 5
5.19209 5
5.15603 5
5.197 5
5.17298 5
5.18928 5
5.20987 5
5.21183 5
5.20987 5
5.21101 5
5.19258 5
5.49123 6
5.47428 6
5.35713 6
5.2706 6
5.19178 6
5.19368 6
5.17022 6
5.19288 6
5.17025 6
5.17377 6
5.1901 6
5.19285 6
