0 0
0 0
0 0
0 0
0 0
0 0
0 0
0 0
0 0
0 0
0 0
0 0
0 0
0 0
0.309067 1
0.154188 1
0.0269274 1
0.00101238 1
0.00101238 1
6.95485e-07 1
0.00101238 1
6.95485e-07 1
0.00101238 1
6.95485e-07 1
6.95485e-07 1
6.95485e-07 1
0.00101238 1
0.00101238 1
0.00101238 1
6.95485e-07 1
6.95485e-07 1
6.95485e-07 1
0.00101238 1
6.95485e-07 1
6.95485e-07 1
0.00101238 1
6.95485e-07 1
0.00101238 1
0.00101238 1
0.00101238 1
0.00101238 1
0.00101238 1
6.95485e-07 1
6.95485e-07 1
0.00101238 1
6.95485e-07 1
6.95485e-07 1
6.95485e-07 1
6.95485e-07 1
0.00101238 1
6.95485e-07 1
0.00101238 1
0.00101238 1
0.00101238 1
6.95485e-07 1
6.95485e-07 1
6.95485e-07 1
6.95485e-07 1
6.95485e-07 1
0.00101238 1
6.95485e-07 1
6.95485e-07 1
6.95485e-07 1
6.95485e-07 1
6.95485e-07 1
0.00101238 1
0.00101238 1
6.95485e-07 1
0.00101238 1
0.00101238 1
0.00101238 1
0.00101238 1
6.95485e-07 1
0.00101238 1
0.00101238 1
6.95485e-07 1
6.95485e-07 1
0.00101238 1
6.95485e-07 1
0.00101238 1
6.95485e-07 1
6.95485e-07 1
0.00101238 1
0.00101238 1
0.00101238 1
1.59534 2
1.13946 2
0.818073 2
0.651771 2
0.414425 2
0.200952 2
0.0814635 2
0.0362522 2
0.000622665 2
0.00163435 2
0.00163435 2
0.00163435 2
0.0010703 2
0.0010703 2
0.00163435 2
