0.20252 1
0.174218 1
0.124004 1
0.0244604 1
0.000671732 1
6.64224 4
5.56705 4
4.51511 4
3.77734 4
3.04517 4
2.40866 4
2.13417 4
6.75855 5
6.62678 5
6.13809 5
5.77076 5
5.38997 5
4.94289 5
4.72858 5
4.693 5
4.53182 5
4.33904 5
4.30999 5
3.68979 5
3.40676 5
3.15022 5
2.92274 5
2.92211 5
2.81177 5
2.70395 5
2.19371 5
2.00507 5
1.82401 5
1.73717 5
1.73779 5
1.57009 5
1.48918 5
1.41091 5
1.33382 5
1.18748 5
0.85938 5
0.686864 5
0.5832 5
0.535179 5
0.443311 5
0.361676 5
0.287475 5
0.139013 5
0.139847 5
0.115986 5
0.0599737 5
0.0214272 5
0.022054 5
0.00251844 5
0.00188652 5
0.000777233 5
0.00140407 5
0.00129989 5
0.00188652 5
0.00197731 5
0.000559984 5
0.0012374 5
0.00171985 5
0.00061056 5
0.00262642 5
0.00240917 5
0.00205016 5
0.00151714 5
0.00262642 5
0.000559984 5
0.00188652 5
0.00219455 5
0.000559984 5
0.00214398 5
0.000827809 5
0.00205016 5
0.00145465 5
0.00140407 5
0.00135047 5
0.00104243 5
0.00135047 5
0.00197731 5
0.00205016 5
0.00183291 5
0.00171985 5
0.00199959 5
0.00219455 5
0.00125968 5
0.00156772 5
0.00262642 5
0.000827809 5
0.00199959 5
0.00219455 5
0.00125968 5
0.00262642 5
0.00166927 5
0.325673 6
0.194247 6
0.118401 6
0.0608289 6
