0 0
4.87049 3
4.87049 3
4.68009 3
4.45609 3
4.35689 3
3.66556 3
3.25801 3
2.77599 3
2.20132 3
1.85965 3
1.70787 3
1.42271 3
1.23506 3
0.802422 2
0.585068 2
0.444831 2
0.324312 2
0.192754 2
0.115939 2
0.0757443 2
0.021476 2
0.00276461 2
3.0733 4
2.75966 4
2.97735 5
2.68886 5
2.50726 5
2.41973 5
2.01466 5
1.86707 5
1.7967 5
1.30844 5
1.16111 5
7.26128 6
5.91354 6
5.50129 6
4.55547 6
4.1244 6
3.56127 6
2.80541 6
2.17721 6
1.55308 6
0.907153 6
0.393729 6
0.185761 6
0.111835 6
0.0424443 6
0.0240343 6
0.0200542 6
0.0195875 6
0.019054 6
0.0200542 6
0.00367219 6
0.00241568 6
0.00330527 6
0.000965756 6
0.00188246 6
0.00234909 6
0.000592793 6
0.000592793 6
0.00197578 6
0.002509 6
0.00276186 6
0.00276186 6
0.000965756 6
0.00383848 6
0.00276186 6
0.00229524 6
0.00176168 6
0.00230508 6
0.000899162 6
0.0013489 6
0.00250934 6
0.00122846 6
0.00122846 6
0.00304256 6
0.00196594 6
0.00192228 6
0.00188246 6
0.00283864 6
0.00257593 6
0.00314467 6
0.00261145 6
0.00238856 6
0.000899162 6
0.00257593 6
0.00304256 6
0.00214483 6
0.000899162 6
0.00165957 6
0.00143238 6
0.00230508 6
0.00196594 6
0.00241568 6
0.00143272 6
0.00165957 6
0.00234874 6
0.00192194 6
0.0024555 6
