0 0
0 0
0 0
0 0
0 0
0 0
0 0
0 0
0 0
0 0
0 0
0 0
0 0
0 0
0 0
0 0
0 0
0 0
0 0
0 0
0 0
0 0
0 0
0 0
0 0
0 0
0 0
0 0
0 0
0 0
0 0
0 0
0 0
0 0
0 0
0 0
0 0
0 0
0 0
0 0
0 0
0 0
0 0
0 0
0 0
0.308677 1
0.129452 1
0.0525683 1
0.0269035 1
8.06335e-07 1
0.00100646 1
8.06335e-07 1
0 0
8.06335e-07 1
8.06335e-07 1
8.06335e-07 1
0 0
0 0
8.06335e-07 1
8.06335e-07 1
0 0
10.1779 4
9.70756 4
9.15121 4
8.56907 4
8.36054 4
8.00719 4
7.03031 4
6.05758 4
5.35101 4
4.6166 4
4.41876 4
3.38407 4
2.91927 4
2.35704 4
1.67256 4
1.36766 4
0.925228 4
0.679287 4
0.395758 4
0.15985 4
0.0736235 4
0.0433905 4
0.0210689 4
0.00727897 4
0.00259099 4
0.00165589 4
0.00202075 4
0.00259099 4
0.000323934 4
0.000394481 4
0.00165589 4
0.00158534 4
0.00202075 4
0.000964721 4
0.00189983 4
0.00140013 4
0.00259099 4
0.00189983 4
0.000894175 4
