26.4777 6
26.2013 6
25.3203 6
23.729 6
22.029 6
20.7892 6
19.4385 6
18.4652 6
17.5995 6
16.8233 6
16.3209 6
16.0661 6
15.6689 6
15.0736 6
14.6418 6
13.2447 6
11.6355 6
10.2725 6
8.82835 6
8.17655 6
7.12892 6
6.65651 6
5.73098 6
4.76117 6
4.20168 6
3.81007 6
3.19918 6
2.8577 6
2.33203 6
2.13818 6
1.52126 6
1.28934 6
1.07584 6
0.763977 6
0.554166 6
0.377585 6
0.232051 6
0.104817 6
0.0371 6
0.00299529 6
0.00247503 6
0.00184808 6
0.00122286 6
0.00134199 6
0.00299529 6
0.00299529 6
0.00172894 6
0.0027448 6
0.00134003 6
0.00236833 6
0.00200298 6
0.00325515 6
0.00299529 6
0.00184808 6
0.00171847 6
0.00223929 6
0.00365823 6
0.00184981 6
0.00147334 6
0.00147334 6
0.00212015 6
0.00236833 6
0.00161407 6
0.00286394 6
0.00223929 6
0.00120869 6
0.00161407 6
0.0027448 6
0.00325515 6
0.00200298 6
0.00250906 6
0.00184808 6
0.00210968 6
0.0026282 6
0.000702603 6
0.00172894 6
0.000313695 6
0.00247503 6
0.00300467 6
0.00365823 6
0.00197942 6
0.00147334 6
0.00200298 6
0.00247503 6
0.00161407 6
0.00326932 6
0.00132956 6
0.00212015 6
0.00313798 6
0.00377541 6
0.00212015 6
0.00186225 6
0.00122286 6
0.00132956 6
0.00173321 6
0.00377541 6
0.00184808 6
0.00313602 6
0.00197942 6
0.00352492 6
