1.64227 3
1.63248 3
1.63349 3
1.63349 3
1.61244 3
1.5452 3
1.52901 3
1.44835 3
1.01705 3
0.769912 3
0.608703 3
0.465677 3
0.380139 3
5.44224 5
4.81483 5
3.99437 5
3.49985 5
3.03896 5
2.73818 5
2.14762 5
1.79613 5
1.47938 5
1.04408 5
0.689038 5
0.546132 5
0.4256 5
0.309027 5
0.245537 5
0.12573 5
0.101167 5
0.0721309 5
0.0843123 5
0.0720827 5
0.09479 5
0.0724248 5
0.0840184 5
0.0606464 5
0.0846544 5
0.0561245 5
0.0768388 5
0.0654651 5
0.0781872 5
0.0654651 5
0.0659423 5
0.0775513 5
0.064936 5
0.0689669 5
0.0557824 5
0.0658941 5
0.0659423 5
0.0656002 5
0.0659423 5
0.0656002 5
0.068673 5
0.0560763 5
0.0658941 5
0.0652299 5
0.0661292 5
0.0702119 5
0.0630554 5
0.0976721 5
0.0739555 5
0.0923063 5
0.113132 5
0.132859 5
0.132517 5
0.132811 5
0.110242 5
0.114139 5
0.132811 5
0.111542 5
0.111248 5
0.110193 5
0.132811 5
0.132395 5
0.132395 5
0.132053 5
0.132395 5
0.110906 5
0.110906 5
0.110784 5
0.133059 5
0.110906 5
0.0897576 5
0.136044 5
0.110442 5
0.109142 5
0.110784 5
0.110906 5
0.110193 5
0.133153 5
0.110442 5
0.133817 5
0.132101 5
0.133107 5
0.110784 5
0.11049 5
0.0900514 5
0.111248 5
0.132101 5
