5.79491 2
5.37805 2
4.85179 2
4.47933 2
4.01241 2
3.47657 2
3.31514 4
2.76547 4
2.26935 4
1.7876 4
1.22043 4
24.4207 6
23.5149 6
23.406 6
23.0648 6
22.7584 6
22.2898 6
22.0204 6
21.6208 6
20.6245 6
20.2081 6
19.6356 6
18.8736 6
18.0132 6
16.7272 6
15.6268 6
14.1099 6
12.3984 6
11.1081 6
9.65616 6
8.12992 6
7.08708 6
6.12855 6
5.60457 6
4.87538 6
4.44306 6
3.71839 6
3.34109 6
2.78595 6
2.04635 6
1.78102 6
1.59793 6
1.46735 6
1.43661 6
1.04789 6
0.918706 6
0.681272 6
0.478536 6
0.409688 6
0.31449 6
0.243859 6
0.212862 6
0.153438 6
0.107119 6
0.104864 6
0.118691 6
0.103214 6
0.107269 6
0.0998932 6
0.0911232 6
0.0858829 6
0.0899377 6
0.0844322 6
0.0827482 6
0.0827482 6
0.0823769 6
0.104829 6
0.0732445 6
0.0809343 6
0.0921984 6
0.0939359 6
0.0844322 6
0.0819341 6
0.0843289 6
0.0925698 6
0.0730648 6
0.0775386 6
0.0853268 6
0.0616873 6
0.085193 6
0.0823505 6
49.6155 6
50.0556 6
0.0978117 6
0.117603 6
0.117789 6
0.0803378 6
0.117522 6
0.0972877 6
0.101283 6
0.0976261 6
0.0966593 6
0.0795237 6
0.0982545 6
0.118046 6
0.0971833 6
0.0832517 6
0.0871722 6
0.0702462 6
0.0670783 6
