0.20252 1
0.20252 1
0.0646516 1
0.0491257 1
0.0244604 1
0.00830948 1
0.000671732 1
0.000671732 1
0.000671732 1
4.48927e-05 1
0.000671732 1
0.000671732 1
0.000671732 1
0.000671732 1
4.48927e-05 1
0.000671732 1
4.48927e-05 1
0.000671732 1
4.48927e-05 1
0.000671732 1
0.000671732 1
0.000671732 1
4.48927e-05 1
0.000671732 1
4.48927e-05 1
0.000671732 1
4.48927e-05 1
4.48927e-05 1
4.48927e-05 1
0.000671732 1
4.48927e-05 1
4.48927e-05 1
4.48927e-05 1
0.000671732 1
0.000671732 1
4.48927e-05 1
0.000671732 1
4.48927e-05 1
4.48927e-05 1
4.48927e-05 1
4.48927e-05 1
0.000671732 1
0.000671732 1
4.48927e-05 1
4.48927e-05 1
0.000671732 1
0.000671732 1
0.000671732 1
4.48927e-05 1
4.48927e-05 1
4.48927e-05 1
4.48927e-05 1
0.000671732 1
4.48927e-05 1
0.000671732 1
0.000671732 1
4.48927e-05 1
0.000671732 1
0.000671732 1
4.48927e-05 1
4.48927e-05 1
0.000671732 1
4.48927e-05 1
4.48927e-05 1
0.000671732 1
4.48927e-05 1
4.48927e-05 1
4.48927e-05 1
0.000671732 1
0.000671732 1
0.000671732 1
0.000671732 1
4.48927e-05 1
4.48927e-05 1
0.000671732 1
0.000671732 1
0.000671732 1
0.000671732 1
4.48927e-05 1
0.000671732 1
4.48927e-05 1
4.48927e-05 1
9.92962 4
9.65312 4
9.22603 4
8.88739 4
8.36161 4
8.08304 4
8.08366 4
8.08304 4
7.75856 4
7.44135 4
6.9831 4
6.40051 4
5.98706 4
5.59217 4
5.21586 4
4.85999 4
4.74543 4
4.7448 4
