0
0
0
0
11.9866
11.2662
9.84363
8.98353
9.54452
8.37567
7.59981
6.78129
5.42727
4.43269
3.55484
2.89634
2.45308
2.15753
1.70703
1.47973
1.2214
0.925784
0.730975
0.559009
0.365808
0.247718
0.12548
0.0448646
0.00670591
0.0015371
0.00143913
0.000741884
0.00249301
0.000741884
0.0025126
0.000868257
0.0024842
0.00210797
0.000868257
0.00155669
0.00319025
0.00249301
0.00209916
0.00239504
0.00141073
0.00236664
0.00239504
0.00143032
0.00140192
0.0025126
0.00236664
0.00210797
0.00238623
0.00168898
0.00306388
0.00305507
0.00306388
0.00319025
0.00318144
0.00143032
0.00143032
0.00181536
0.000868257
0.00143913
0.00318144
0.000733075
0.00152829
0.00169779
0.000733075
0.000733075
0.00235783
0.0015655
0.00140192
0.000859449
0.0024842
0.00181536
0.00182417
0.000859449
0.00143032
0.0015371
0.00319025
0.00140192
0.00235783
0.00143913
0.00152829
0.00223434
0.00318144
0.00305507
0.0015371
0.000859449
0.000868257
0.0024842
0.0024842
0.00318144
0.00318144
0.00140192
0.000733075
0.00210797
0.00239504
0.00152829
