6.88125
6.3727
5.73037
5.53355
5.48881
5.16464
4.59386
4.67908
3.96725
3.71785
3.36157
2.89122
2.60738
2.15093
1.64129
1.21247
1.13412
0.987436
0.918127
0.785823
0.607201
0.451486
0.404273
0.279872
0.177993
0.122901
0.0780485
0.0436084
0.0305663
0.0113109
0.00139975
0.00120079
0.00102702
0.00102702
0.00102702
0.00139975
0.00186933
0.00173993
0.00120079
0.00169555
6.96077
6.58966
6.04999
6.05078
5.70462
5.53469
5.0434
4.72727
4.42087
4.42087
3.98295
3.56723
3.43317
3.04857
2.80384
2.80421
2.23838
1.92964
1.64392
1.64392
1.5533
1.38119
1.06643
0.857678
0.67121
0.613751
0.506613
0.365841
0.182157
0.102935
0.0452273
0.0020502
0.00284813
0.00200582
0.00184504
0.00188943
0.0024754
0.00224915
0.00267435
0.00284813
0.00129045
0.00158062
0.00117651
0.0010915
0.0010915
0.00158062
0.0024754
0.00231462
0.0024754
0.0015167
0.00271873
0.00327332
0.0020502
0.00122089
0.00280374
0.00271873
0.00231462
0.00188943
0.00075131
0.00200582
