7.95608
7.4627
6.89056
6.41701
5.71636
4.89193
4.56811
4.06557
3.39572
2.74611
2.13036
1.74605
1.64319
1.41324
1.16812
0.963652
0.769193
0.533273
0.424948
0.37434
0.248609
0.0635426
0.0115354
0.00263628
0.00181977
0.00420532
0.000890726
0.00356532
0.00182027
0.00327577
0.00182027
0.00152451
0.000250726
0.00275553
0.00263577
0.00106673
0.00263628
0.00106673
0.00263577
0.00245977
0.000884514
0.00263577
0.000890726
0.00181406
0.00182598
0.00106673
0.00181406
0.00274931
0.00106673
0.00118598
0.00356532
0.00274931
0.00181406
0.00275553
0.00245977
0.00234052
0.000890726
0.00293153
0.00170673
0.00293153
0.00245977
0.00170673
0.00118598
0.00170052
0.00245406
0.000890726
0.00181406
0.00357153
0.00357153
0.00357153
0.000884514
0.00182598
0.00293153
0.00263628
0.00293153
0.00263628
0.00245406
0.00327577
0.00181977
0.00211553
0.00293153
0.00275553
0.00263628
0.00182598
0.00264198
0.00356532
0.00234052
0.00327007
0.00327007
0.00275553
0.00327007
0.00181406
0.00234052
0.00327007
0.00182027
0.00199628
0.000890726
0.00357153
0.00182598
0.00263577
