0
0
11.8658
11.7629
11.2329
10.2065
9.45393
8.40016
6.87176
5.84056
4.77504
3.97065
3.48027
3.0031
2.66947
2.07715
1.69447
1.3572
0.996056
0.709903
0.447453
0.282928
0.216204
0.135671
0.114073
0.0639072
0.0332117
0.0324504
0.0318496
0.0318496
0.0320978
0.0330475
0.0320978
0.0320978
0.031497
0.0347617
0.0320978
0.0320978
0.0312525
0.0312525
0.0312525
0.0312525
0.0308999
0.0320978
0.0330475
0.0308999
0.0326949
0.031497
0.0326949
0.0324504
0.0308999
0.031497
0.031497
0.031497
0.031497
0.0320978
0.0330475
0.0308999
0.0308999
0.0308999
0.0326949
0.0330475
0.0318496
0.0324504
0.0326949
0.031497
0.0320978
0.0324504
0.0330475
0.0324504
0.0326949
0.0330475
0.0318496
0.0318496
0.031497
0.0330475
0.0318496
0.0320978
0.0308999
0.0330475
0.0324504
0.0318496
0.031497
0.0320978
0.0318496
0.0318496
0.0320978
0.0330475
0.0308999
0.0308999
0.0320978
0.0318496
0.0312525
0.0324504
0.0318496
0.0308999
0.0324504
0.0320978
0.0326949
0.0324504
