2.47484
2.28559
2.18082
2.13719
2.00114
2.07812
1.83013
2.21464
2.56693
3.10355
6.88827
6.82548
6.71315
6.15301
5.77353
5.19815
4.54777
3.83826
3.01572
2.32774
1.59206
1.045
0.743734
0.514063
0.315254
0.184187
0.0784095
0.0191929
0.00216458
0.000757752
0.000757752
0.00164951
0.0014345
0.000972762
0.00164951
0.000972762
0.000972762
0.000242679
0.000972762
0.00216458
0.000757752
0.00091943
0.00148783
0.000972762
0.00164951
0.000972762
0.00148783
0.000242679
0.00216458
0.000242679
0.00216458
0.000757752
0.00216458
0.00164951
0.0014345
0.00148783
0.000757752
0.000757752
0.00148783
0.0014345
0.000242679
0.00216458
0.000242679
0.000242679
0.00216458
0.000972762
0.0014345
0.00164951
0.0014345
0.00216458
0.000972762
0.00216458
0.0014345
0.00148783
0.00091943
0.000242679
0.000242679
0.00148783
0.000972762
0.00091943
0.000757752
0.00216458
0.000972762
0.000242679
0.000242679
0.000972762
0.00148783
0.000972762
0.00164951
0.000757752
0.00148783
0.00216458
0.0014345
0.00091943
0.00148783
0.0014345
0.00216458
0.00148783
0.000972762
0.00148783
