5.87375
5.59668
5.29626
5.14944
5.042
4.95341
4.86194
4.67555
4.64084
3.98236
3.62947
3.36135
2.85805
2.39587
1.87396
1.593
1.33254
1.02461
0.754475
0.428164
0.300997
0.0890305
0.0372168
0.00178591
0.000832659
0.000251908
0.00164426
0.00069101
0.00178591
0.000832659
0.00164426
0.000832659
0.00164426
0.00120516
0.00127176
0.00222501
0.00178591
0.00127176
0.00222501
0.00120516
0.00120516
0.00164426
0.000832659
0.000832659
0.375754
0.220607
0.0862521
0.0144124
0.00161896
0.00176061
0.00219971
0.00176061
0.00257222
0.00123335
0.00129995
0.0018141
0.00123335
0.00315297
0.00123335
0.00129995
0.000719198
0.00271386
0.00161896
0.00315297
0.00123335
0.00117986
0.00219971
0.00129995
0.000860847
0.00315297
0.00213311
0.00257222
0.00129995
0.00167245
0.00219971
0.00167245
0.00257222
0.00271386
0.00213311
0.00167245
0.0022532
0.00315297
0.00257222
0.00167245
0.000280096
0.00257222
0.00271386
0.00161896
0.00176061
0.0018141
0.00257222
0.00123335
0.0018141
0.00271386
0.000860847
0.00167245
0.00257222
0.00161896
0.000860847
0.00117986
