5.38947
5.23911
4.80069
4.24578
3.72484
3.23791
2.78503
2.46772
2.16959
1.71531
1.46833
1.24052
0
0
0
1.06745
0
0
1.07831
1.01155
1.76425
1.30803
0.839841
0.465941
0.254656
0.105411
0.0431282
0.0606262
0.0450782
0.0495441
0.049064
0.047658
0.0413528
0.0665785
0.0457439
0.0368183
0.0452245
0.0511502
0.0561493
0.0709335
0.0434405
0.0551072
0.07679
0.0932142
0.0682991
0.118769
0.087994
0.113942
0.0615751
0.084385
0.0697036
0.108289
0.0786114
0.095588
0.105835
0.111431
0.0832505
0.0810718
0.0856821
0.090745
0.095588
0.100984
0.0855959
0.0834402
0.100549
0.0857775
0.104896
0.0894526
0.0810718
0.0984147
0.084123
0.0943579
0.0797459
0.0659406
0.0697944
0.0982526
0.0904588
0.0832643
0.10167
0.106646
0.090745
0.0975513
0.100507
0.105835
0.0904346
0.0763176
0.100822
0.0858097
0.095588
0.109384
0.113534
0.113898
0.0978525
0.0722018
0.0846395
0.0502927
0.049418
0.0631337
0.0670009
0.075186
