1.72476
1.55748
1.47703
1.17659
0.973652
0.732924
0.526322
0.393766
0.280407
0.159124
0.11128
0.0719691
0.0290007
0.0189441
0.0189441
0.00523031
4.90563e-05
4.90563e-05
4.90563e-05
4.90563e-05
0.000658151
0.000658151
4.90563e-05
4.90563e-05
4.90563e-05
4.90563e-05
0.000658151
4.90563e-05
4.90563e-05
0.000658151
0.000658151
4.90563e-05
4.90563e-05
4.90563e-05
0.000658151
4.90563e-05
0.000658151
0.000658151
4.90563e-05
4.90563e-05
4.90563e-05
0.000658151
4.90563e-05
4.90563e-05
4.90563e-05
0.000658151
4.90563e-05
4.90563e-05
4.90563e-05
4.90563e-05
0.000658151
4.90563e-05
0.000658151
4.90563e-05
0
0
0
0
0
0
0
0
0
0
0
0
0
0
0
0
0
0
0
0
0
0
0
0
0
0
0
0
0
0
0
0
0
0
0
0
0
0
0
0
0
0
0
0
0
0
