0
3.5846
3.5846
3.5846
3.5846
3.34155
2.99298
2.66359
2.3534
2.25427
1.96967
1.70427
1.38026
1.23105
1.15965
0.958231
0.776015
0.612997
0.562923
0.469176
0.344555
0.239132
0.179516
0.152908
0.106091
0.0858822
0.0518648
0.0263803
0
0
0
0
0
0
0
0
0
0
0
0
0
0
0
0
0
0
0
0
0
0
0
0
0
0
0
0
0
0
0
0
0
0
0
0
0
0
0
0
0
0
0
0
0
0
0
1.11114
1.04341
0.977806
1.91904
1.49509
1.22444
0.895019
0.613893
0.41618
0.38607
0.30854
0.197802
0.106003
0.0669875
0.0456997
0.0381487
0.0437078
0.0390267
0.0359899
0.0534214
0.0491911
0.058658
0.0532835
0.0490418
0.0397091
