0
0
0
0
0
0
0
0
0
0
0
1.1054
0.847761
0.525307
0.353005
0.185626
0.110798
0.0287521
0.00151517
3.92544e-05
0.000696669
0.000696669
3.91464
3.91398
3.91398
4.89013
5.40928
4.6972
4.40847
3.88674
3.07857
2.59466
2.28545
2.1588
1.76272
1.57284
1.49369
1.23717
0.966963
0.784899
0.61773
0.473879
0.275675
0.212132
0.157211
0.132509
0.0706551
0.0402222
0.0184301
0.0123275
0.00201859
0.00100745
0.00165621
0.000998793
0.00155194
0.00220069
0.00220935
0.000118073
0.00166486
0.00166486
0.00100745
0.00131997
0.000118073
0.00220935
0.00166486
0.00243266
0.000998793
0.00165621
0.00131997
0.00309007
0.00165621
0.00131997
0.000775487
0.00220069
0.00243266
0.00131997
0.000775487
0.00220935
0.00166486
0.00309007
0.000118073
0.000775487
0.788588
0.67582
0.43477
0.279336
0.245064
0.15857
0.134921
0.0717051
0.0308893
0.0116164
0.00241722
0.00134569
0.00176846
0.00168192
0.00157765
0.0008012
0.00102451
0.00297036
