36.8359
35.7411
34.5701
33.3235
32.282
30.8354
29.2428
27.8989
26.6204
24.6787
23.0223
19.6464
17.1048
15.1702
13.3458
11.9056
10.2462
8.46023
6.70787
5.26545
4.15195
2.87585
2.32408
1.52811
0.979551
0.604479
0.394241
0.133118
0.0559264
0.0461136
0.00295795
0.00188646
0.00194017
0.00234529
0.00141654
0.00174354
0.00149576
0.00169995
0.0020378
0.00131891
0.00206515
0.00185912
0.00170179
0.00167444
0.00131891
0.00110904
0.00179941
0.00153935
0.00202155
0.00202155
0.00110904
0.00157897
0.00216845
0.00232904
0.00149576
0.00180509
0.00141654
0.00169995
0.00125737
0.00261103
0.00224199
0.00216845
0.00230354
0.00210691
0.00218612
0.0014976
0.00186096
0.00174354
0.00121561
0.00245186
0.00224199
0.00212485
0.00176149
0.00169995
0.00206515
0.00196568
0.0014976
0.00167444
0.00131891
0.00157897
0.00110904
0.00162073
0.00224767
0.00105318
0.00234529
0.00254948
0.00187863
0.00254948
0.00181736
0.00175581
0.00180509
0.00186096
0.00180509
0.00101142
0.001454
0.00155162
0.00105318
0.0014976
0.00261103
0.00206515
